DBASE_NUM_TRANS : 2900
DBASE_MAXITEM : 24
MINSUPPORT : 200 (0)
0 - 1303
1 - 2468
2 - 2529
3 - 1557
4 - 2319
5 - 1805
6 - 1970
7 - 1607
8 - 1981
9 - 1866
10 - 1369
11 - 559
12 - 484
13 - 245
14 - 1154
15 - 584
16 - 200
21 - 286
0 0  - 577
0 0 0  - 246
0 0 0 6  - 229
0 0 -1 1  - 247
0 0 -1 1 2  - 219
0 0 1  - 376
0 0 1 2  - 276
0 0 1 3  - 208
0 0 1 4  - 235
0 0 6  - 531
0 0 6 -1 -1 1  - 223
0 0 6 -1 -1 1 2  - 201
0 1  - 1060
0 1 -1 1  - 646
0 1 -1 1 2  - 566
0 1 -1 1 2 -1 4  - 265
0 1 -1 1 2 -1 7  - 214
0 1 -1 1 2 -1 9  - 238
0 1 -1 1 4  - 299
0 1 -1 1 7  - 258
0 1 -1 1 9  - 283
0 1 2  - 914
0 1 2 -1 -1 1  - 474
0 1 2 -1 -1 1 2  - 466
0 1 2 -1 -1 1 2 -1 4  - 265
0 1 2 -1 -1 1 2 -1 9  - 238
0 1 2 -1 -1 1 4  - 273
0 1 2 -1 -1 1 9  - 240
0 1 2 -1 3  - 585
0 1 2 -1 3 -1 -1 1  - 339
0 1 2 -1 3 -1 -1 1 2  - 331
0 1 2 -1 3 -1 4  - 297
0 1 2 -1 4  - 486
0 1 2 -1 5  - 232
0 1 2 -1 5 2  - 232
0 1 2 -1 7  - 337
0 1 2 -1 7 2  - 209
0 1 2 -1 8  - 362
0 1 2 -1 8 4  - 255
0 1 2 -1 8 5  - 220
0 1 2 -1 8 5 2  - 220
0 1 2 -1 9  - 386
0 1 2 -1 15  - 252
0 1 3  - 738
0 1 3 -1 -1 1  - 471
0 1 3 -1 -1 1 2  - 431
0 1 3 -1 -1 1 2 -1 7  - 208
0 1 3 -1 -1 1 7  - 217
0 1 3 -1 4  - 327
0 1 4  - 586
0 1 4 -1 -1 1  - 230
0 1 5  - 275
0 1 5 2  - 232
0 1 7  - 403
0 1 7 2  - 225
0 1 8  - 531
0 1 8 -1 -1 1  - 235
0 1 8 -1 -1 1 2  - 203
0 1 8 4  - 304
0 1 8 5  - 376
0 1 8 5 -1 -1 -1 1  - 202
0 1 8 5 2  - 268
0 1 8 5 2 -1 6  - 232
0 1 8 5 6  - 340
0 1 8 5 6 -1 -1 -1 -1 1  - 202
0 1 9  - 437
0 1 14  - 250
0 1 15  - 295
0 2  - 205
0 6  - 584
0 14  - 251
1 2  - 2160
1 2 -1 3  - 745
1 2 -1 3 -1 4  - 298
1 2 -1 4  - 740
1 2 -1 5  - 351
1 2 -1 5 2  - 351
1 2 -1 5 2 -1 6  - 209
1 2 -1 5 6  - 209
1 2 -1 7  - 567
1 2 -1 7 2  - 418
1 2 -1 8  - 1208
1 2 -1 8 -1 4  - 252
1 2 -1 8 4  - 581
1 2 -1 8 5  - 719
1 2 -1 8 5 2  - 719
1 2 -1 8 5 2 -1 3  - 208
1 2 -1 8 5 2 -1 4  - 242
1 2 -1 8 5 2 -1 6  - 683
1 2 -1 8 5 2 -1 6 -1 4  - 230
1 2 -1 8 5 3  - 208
1 2 -1 8 5 4  - 242
1 2 -1 8 5 6  - 683
1 2 -1 8 5 6 -1 4  - 230
1 2 -1 8 7  - 216
1 2 -1 8 9  - 267
1 2 -1 8 10  - 280
1 2 -1 9  - 989
1 2 -1 9 4  - 476
1 2 -1 9 5  - 289
1 2 -1 9 5 2  - 289
1 2 -1 9 5 2 -1 6  - 253
1 2 -1 9 5 6  - 253
1 2 -1 9 8  - 252
1 2 -1 9 9  - 364
1 2 -1 9 10  - 308
1 2 -1 15  - 270
1 3  - 939
1 3 -1 4  - 434
1 3 -1 8  - 231
1 4  - 852
1 5  - 472
1 5 2  - 351
1 5 2 -1 6  - 209
1 5 6  - 330
1 7  - 688
1 7 2  - 434
1 8  - 1339
1 8 -1 4  - 293
1 8 4  - 684
1 8 4 -1 5  - 229
1 8 4 -1 5 6  - 229
1 8 5  - 919
1 8 5 2  - 767
1 8 5 2 -1 3  - 208
1 8 5 2 -1 4  - 242
1 8 5 2 -1 6  - 731
1 8 5 2 -1 6 -1 4  - 230
1 8 5 3  - 296
1 8 5 -1 4  - 241
1 8 5 4  - 334
1 8 5 6  - 883
1 8 5 6 -1 3  - 221
1 8 5 6 -1 -1 4  - 241
1 8 5 6 -1 4  - 273
1 8 5 14  - 202
1 8 -1 7  - 201
1 8 7  - 233
1 8 9  - 271
1 8 10  - 302
1 9  - 1092
1 9 4  - 498
1 9 5  - 316
1 9 5 2  - 289
1 9 5 2 -1 6  - 253
1 9 5 6  - 280
1 9 -1 7  - 205
1 9 8  - 278
1 9 9  - 372
1 9 10  - 375
1 14  - 483
1 14 -1 8  - 273
1 14 -1 8 5  - 200
1 14 -1 8 5 6  - 200
1 14 -1 8 5 14  - 200
1 15  - 313
5 2  - 1551
5 2 -1 3  - 557
5 2 -1 4  - 605
5 2 -1 6  - 1371
5 2 -1 6 -1 3  - 399
5 2 -1 6 -1 4  - 526
5 2 -1 6 -1 9  - 202
5 2 -1 9  - 220
5 3  - 660
5 4  - 708
5 6  - 1677
5 6 -1 3  - 477
5 6 -1 4  - 604
5 6 -1 9  - 298
5 9  - 316
5 14  - 375
5 14 -1 6  - 306
7 2  - 1146
7 14  - 474
8 4  - 1066
8 4 -1 4  - 287
8 4 -1 5  - 263
8 4 -1 5 2  - 220
8 4 -1 5 2 -1 6  - 217
8 4 -1 5 6  - 260
8 5  - 1048
8 5 2  - 896
8 5 2 -1 3  - 250
8 5 2 -1 -1 4  - 218
8 5 2 -1 4  - 303
8 5 2 -1 6  - 839
8 5 2 -1 6 -1 3  - 210
8 5 2 -1 6 -1 -1 4  - 218
8 5 2 -1 6 -1 4  - 291
8 5 3  - 346
8 5 -1 4  - 268
8 5 4  - 400
8 5 6  - 991
8 5 6 -1 3  - 255
8 5 6 -1 -1 4  - 268
8 5 6 -1 4  - 339
8 5 14  - 202
8 7  - 505
8 7 2  - 280
8 8  - 320
8 9  - 518
8 9 4  - 290
8 9 10  - 227
8 10  - 771
8 10 -1 10  - 201
9 3  - 291
9 4  - 971
9 4 -1 10  - 291
9 5  - 491
9 5 2  - 456
9 5 2 -1 6  - 414
9 5 6  - 449
9 7  - 538
9 7 2  - 396
9 8  - 493
9 8 4  - 222
9 8 10  - 225
9 9  - 503
9 9 4  - 316
9 9 7  - 200
9 9 10  - 272
9 10  - 871
9 10 -1 4  - 205
9 15  - 212
11 2  - 228
11 12  - 238
13 6  - 245
13 6 -1 6  - 221
F1 - 18 24
F2 - 39 324
F3 - 71 842
F4 - 65 1380
F5 - 40 1126
F6 - 13 431
F7 - 1 128
F8 - 0 8
[ 1 24 18 0.00429606 0 ] [ 2 324 39 0.00863385 0 ] [ 3 842 71 0.0182583 0 ] [ 4 1380 65 0.0271225 0 ] [ 5 1126 40 0.0214548 0 ] [ 6 431 13 0.00757051 0 ] [ 7 128 1 0.00399899 0 ] [ 8 8 0 5.10216e-05 0 ] [ SUM 4263 247 0.0913861 ] 0.099139
TIME = 0.099139
BrachIt = 118
