DBASE_NUM_TRANS : 2900
DBASE_MAXITEM : 24
MINSUPPORT : 300 (0)
0 - 1303
1 - 2468
2 - 2529
3 - 1557
4 - 2319
5 - 1805
6 - 1970
7 - 1607
8 - 1981
9 - 1866
10 - 1369
11 - 559
12 - 484
14 - 1154
15 - 584
0 0  - 595
0 0 1  - 400
0 0 1 2  - 300
0 0 1 4  - 305
0 0 2  - 462
0 0 2 -1 6  - 383
0 0 4  - 305
0 0 -1 6  - 415
0 0 6  - 595
0 0 6 -1 -1 6  - 389
0 0 6 -1 6  - 323
0 1  - 1060
0 1 -1 1  - 906
0 1 -1 1 2  - 822
0 1 -1 1 2 -1 2  - 731
0 1 -1 1 2 -1 2 -1 2  - 356
0 1 -1 1 2 -1 2 -1 4  - 467
0 1 -1 1 2 -1 2 -1 6  - 352
0 1 -1 1 2 -1 4  - 656
0 1 -1 1 2 -1 4 -1 2  - 359
0 1 -1 1 2 -1 4 -1 4  - 376
0 1 -1 1 2 -1 4 -1 7  - 421
0 1 -1 1 2 -1 4 -1 7 2  - 321
0 1 -1 1 2 -1 5  - 490
0 1 -1 1 2 -1 5 2  - 488
0 1 -1 1 2 -1 5 2 -1 4  - 333
0 1 -1 1 2 -1 5 2 -1 6  - 352
0 1 -1 1 2 -1 5 4  - 333
0 1 -1 1 2 -1 5 6  - 354
0 1 -1 1 2 -1 6  - 354
0 1 -1 1 2 -1 7  - 565
0 1 -1 1 2 -1 7 2  - 465
0 1 -1 1 2 -1 8  - 479
0 1 -1 1 2 -1 9  - 388
0 1 -1 1 3  - 321
0 1 -1 1 4  - 733
0 1 -1 1 4 -1 2  - 375
0 1 -1 1 4 -1 4  - 407
0 1 -1 1 4 -1 7  - 474
0 1 -1 1 4 -1 7 2  - 335
0 1 -1 1 5  - 538
0 1 -1 1 5 2  - 488
0 1 -1 1 5 2 -1 4  - 333
0 1 -1 1 5 2 -1 6  - 352
0 1 -1 1 5 4  - 355
0 1 -1 1 5 6  - 402
0 1 -1 1 5 -1 7  - 312
0 1 -1 1 6  - 406
0 1 -1 1 6 -1 4  - 306
0 1 -1 1 7  - 643
0 1 -1 1 7 2  - 479
0 1 -1 1 8  - 528
0 1 -1 1 8 4  - 322
0 1 -1 1 9  - 435
0 1 -1 2  - 858
0 1 -1 2 -1 2  - 731
0 1 -1 2 -1 2 -1 2  - 356
0 1 -1 2 -1 2 -1 4  - 467
0 1 -1 2 -1 2 -1 6  - 359
0 1 -1 2 -1 4  - 656
0 1 -1 2 -1 4 -1 2  - 391
0 1 -1 2 -1 4 -1 4  - 392
0 1 -1 2 -1 4 -1 7  - 421
0 1 -1 2 -1 4 -1 7 2  - 321
0 1 -1 2 -1 5  - 490
0 1 -1 2 -1 5 2  - 488
0 1 -1 2 -1 5 2 -1 4  - 333
0 1 -1 2 -1 5 2 -1 6  - 352
0 1 -1 2 -1 5 4  - 333
0 1 -1 2 -1 5 6  - 354
0 1 -1 2 -1 6  - 409
0 1 -1 2 -1 6 -1 4  - 319
0 1 -1 2 -1 7  - 565
0 1 -1 2 -1 7 2  - 513
0 1 -1 2 -1 8  - 479
0 1 -1 2 -1 8 4  - 303
0 1 -1 2 -1 9  - 444
0 1 -1 2 -1 9 2  - 326
0 1 2  - 931
0 1 2 -1 -1 1  - 816
0 1 2 -1 -1 1 2  - 807
0 1 2 -1 -1 1 2 -1 2  - 731
0 1 2 -1 -1 1 2 -1 2 -1 2  - 356
0 1 2 -1 -1 1 2 -1 2 -1 4  - 467
0 1 2 -1 -1 1 2 -1 2 -1 6  - 352
0 1 2 -1 -1 1 2 -1 4  - 656
0 1 2 -1 -1 1 2 -1 4 -1 2  - 359
0 1 2 -1 -1 1 2 -1 4 -1 4  - 376
0 1 2 -1 -1 1 2 -1 4 -1 7  - 421
0 1 2 -1 -1 1 2 -1 4 -1 7 2  - 321
0 1 2 -1 -1 1 2 -1 5  - 489
0 1 2 -1 -1 1 2 -1 5 2  - 488
0 1 2 -1 -1 1 2 -1 5 2 -1 4  - 333
0 1 2 -1 -1 1 2 -1 5 2 -1 6  - 352
0 1 2 -1 -1 1 2 -1 5 4  - 333
0 1 2 -1 -1 1 2 -1 5 6  - 353
0 1 2 -1 -1 1 2 -1 6  - 353
0 1 2 -1 -1 1 2 -1 7  - 565
0 1 2 -1 -1 1 2 -1 7 2  - 465
0 1 2 -1 -1 1 2 -1 8  - 479
0 1 2 -1 -1 1 2 -1 9  - 388
0 1 2 -1 -1 1 4  - 666
0 1 2 -1 -1 1 4 -1 2  - 360
0 1 2 -1 -1 1 4 -1 4  - 381
0 1 2 -1 -1 1 4 -1 7  - 421
0 1 2 -1 -1 1 4 -1 7 2  - 321
0 1 2 -1 -1 1 5  - 496
0 1 2 -1 -1 1 5 2  - 488
0 1 2 -1 -1 1 5 2 -1 4  - 333
0 1 2 -1 -1 1 5 2 -1 6  - 352
0 1 2 -1 -1 1 5 4  - 336
0 1 2 -1 -1 1 5 6  - 360
0 1 2 -1 -1 1 6  - 362
0 1 2 -1 -1 1 7  - 565
0 1 2 -1 -1 1 7 2  - 465
0 1 2 -1 -1 1 8  - 485
0 1 2 -1 -1 1 9  - 390
0 1 2 -1 -1 2  - 807
0 1 2 -1 -1 2 -1 2  - 731
0 1 2 -1 -1 2 -1 2 -1 2  - 356
0 1 2 -1 -1 2 -1 2 -1 4  - 467
0 1 2 -1 -1 2 -1 2 -1 6  - 359
0 1 2 -1 -1 2 -1 4  - 656
0 1 2 -1 -1 2 -1 4 -1 2  - 359
0 1 2 -1 -1 2 -1 4 -1 4  - 376
0 1 2 -1 -1 2 -1 4 -1 7  - 421
0 1 2 -1 -1 2 -1 4 -1 7 2  - 321
0 1 2 -1 -1 2 -1 5  - 489
0 1 2 -1 -1 2 -1 5 2  - 488
0 1 2 -1 -1 2 -1 5 2 -1 4  - 333
0 1 2 -1 -1 2 -1 5 2 -1 6  - 352
0 1 2 -1 -1 2 -1 5 4  - 333
0 1 2 -1 -1 2 -1 5 6  - 353
0 1 2 -1 -1 2 -1 6  - 360
0 1 2 -1 -1 2 -1 7  - 565
0 1 2 -1 -1 2 -1 7 2  - 465
0 1 2 -1 -1 2 -1 8  - 479
0 1 2 -1 -1 2 -1 9  - 388
0 1 2 -1 2  - 849
0 1 2 -1 2 -1 2  - 356
0 1 2 -1 2 -1 3  - 340
0 1 2 -1 2 -1 4  - 516
0 1 2 -1 2 -1 6  - 472
0 1 2 -1 2 -1 6 -1 4  - 326
0 1 2 -1 3  - 744
0 1 2 -1 3 -1 -1 1  - 578
0 1 2 -1 3 -1 -1 1 2  - 571
0 1 2 -1 3 -1 -1 1 2 -1 2  - 526
0 1 2 -1 3 -1 -1 1 2 -1 4  - 443
0 1 2 -1 3 -1 -1 1 2 -1 4 -1 2  - 316
0 1 2 -1 3 -1 -1 1 2 -1 5  - 320
0 1 2 -1 3 -1 -1 1 2 -1 5 2  - 319
0 1 2 -1 3 -1 -1 1 2 -1 7  - 391
0 1 2 -1 3 -1 -1 1 2 -1 7 2  - 387
0 1 2 -1 3 -1 -1 1 2 -1 8  - 333
0 1 2 -1 3 -1 -1 1 2 -1 9  - 339
0 1 2 -1 3 -1 -1 1 4  - 451
0 1 2 -1 3 -1 -1 1 4 -1 2  - 317
0 1 2 -1 3 -1 -1 1 5  - 327
0 1 2 -1 3 -1 -1 1 5 2  - 319
0 1 2 -1 3 -1 -1 1 7  - 391
0 1 2 -1 3 -1 -1 1 7 2  - 387
0 1 2 -1 3 -1 -1 1 8  - 339
0 1 2 -1 3 -1 -1 1 9  - 341
0 1 2 -1 3 -1 -1 2  - 571
0 1 2 -1 3 -1 -1 2 -1 2  - 526
0 1 2 -1 3 -1 -1 2 -1 4  - 443
0 1 2 -1 3 -1 -1 2 -1 4 -1 2  - 316
0 1 2 -1 3 -1 -1 2 -1 5  - 320
0 1 2 -1 3 -1 -1 2 -1 5 2  - 319
0 1 2 -1 3 -1 -1 2 -1 7  - 391
0 1 2 -1 3 -1 -1 2 -1 7 2  - 387
0 1 2 -1 3 -1 -1 2 -1 8  - 333
0 1 2 -1 3 -1 -1 2 -1 9  - 339
0 1 2 -1 3 -1 -1 4  - 451
0 1 2 -1 3 -1 -1 4 -1 2  - 317
0 1 2 -1 3 -1 4  - 504
0 1 2 -1 3 -1 4 -1 -1 1  - 441
0 1 2 -1 3 -1 4 -1 -1 1 2  - 434
0 1 2 -1 3 -1 4 -1 -1 1 2 -1 2  - 419
0 1 2 -1 3 -1 4 -1 -1 1 2 -1 4  - 380
0 1 2 -1 3 -1 4 -1 -1 1 2 -1 4 -1 2  - 303
0 1 2 -1 3 -1 4 -1 -1 1 2 -1 5  - 305
0 1 2 -1 3 -1 4 -1 -1 1 2 -1 5 2  - 304
0 1 2 -1 3 -1 4 -1 -1 1 4  - 388
0 1 2 -1 3 -1 4 -1 -1 1 4 -1 2  - 304
0 1 2 -1 3 -1 4 -1 -1 1 5  - 312
0 1 2 -1 3 -1 4 -1 -1 1 5 2  - 304
0 1 2 -1 3 -1 4 -1 -1 2  - 434
0 1 2 -1 3 -1 4 -1 -1 2 -1 2  - 419
0 1 2 -1 3 -1 4 -1 -1 2 -1 4  - 380
0 1 2 -1 3 -1 4 -1 -1 2 -1 4 -1 2  - 303
0 1 2 -1 3 -1 4 -1 -1 2 -1 5  - 305
0 1 2 -1 3 -1 4 -1 -1 2 -1 5 2  - 304
0 1 2 -1 3 -1 4 -1 -1 4  - 388
0 1 2 -1 3 -1 4 -1 -1 4 -1 2  - 304
0 1 2 -1 3 -1 4 -1 -1 5  - 312
0 1 2 -1 3 -1 4 -1 -1 5 2  - 304
0 1 2 -1 3 -1 -1 5  - 327
0 1 2 -1 3 -1 -1 5 2  - 319
0 1 2 -1 3 -1 -1 6  - 300
0 1 2 -1 3 -1 -1 7  - 391
0 1 2 -1 3 -1 -1 7 2  - 387
0 1 2 -1 3 -1 -1 8  - 339
0 1 2 -1 3 -1 -1 9  - 341
0 1 2 -1 -1 4  - 666
0 1 2 -1 -1 4 -1 2  - 360
0 1 2 -1 -1 4 -1 4  - 381
0 1 2 -1 -1 4 -1 7  - 421
0 1 2 -1 -1 4 -1 7 2  - 321
0 1 2 -1 4  - 796
0 1 2 -1 4 -1 -1 1  - 600
0 1 2 -1 4 -1 -1 1 2  - 593
0 1 2 -1 4 -1 -1 1 2 -1 2  - 564
0 1 2 -1 4 -1 -1 1 2 -1 2 -1 4  - 389
0 1 2 -1 4 -1 -1 1 2 -1 2 -1 6  - 346
0 1 2 -1 4 -1 -1 1 2 -1 4  - 525
0 1 2 -1 4 -1 -1 1 2 -1 4 -1 2  - 346
0 1 2 -1 4 -1 -1 1 2 -1 4 -1 4  - 336
0 1 2 -1 4 -1 -1 1 2 -1 4 -1 7  - 344
0 1 2 -1 4 -1 -1 1 2 -1 4 -1 7 2  - 308
0 1 2 -1 4 -1 -1 1 2 -1 5  - 419
0 1 2 -1 4 -1 -1 1 2 -1 5 2  - 418
0 1 2 -1 4 -1 -1 1 2 -1 5 2 -1 6  - 346
0 1 2 -1 4 -1 -1 1 2 -1 5 6  - 347
0 1 2 -1 4 -1 -1 1 2 -1 6  - 347
0 1 2 -1 4 -1 -1 1 2 -1 7  - 398
0 1 2 -1 4 -1 -1 1 2 -1 7 2  - 362
0 1 2 -1 4 -1 -1 1 2 -1 8  - 369
0 1 2 -1 4 -1 -1 1 2 -1 9  - 311
0 1 2 -1 4 -1 -1 1 4  - 533
0 1 2 -1 4 -1 -1 1 4 -1 2  - 347
0 1 2 -1 4 -1 -1 1 4 -1 4  - 340
0 1 2 -1 4 -1 -1 1 4 -1 7  - 344
0 1 2 -1 4 -1 -1 1 4 -1 7 2  - 308
0 1 2 -1 4 -1 -1 1 5  - 426
0 1 2 -1 4 -1 -1 1 5 2  - 418
0 1 2 -1 4 -1 -1 1 5 2 -1 6  - 346
0 1 2 -1 4 -1 -1 1 5 6  - 354
0 1 2 -1 4 -1 -1 1 6  - 354
0 1 2 -1 4 -1 -1 1 7  - 398
0 1 2 -1 4 -1 -1 1 7 2  - 362
0 1 2 -1 4 -1 -1 1 8  - 375
0 1 2 -1 4 -1 -1 1 9  - 313
0 1 2 -1 4 -1 -1 2  - 593
0 1 2 -1 4 -1 -1 2 -1 2  - 564
0 1 2 -1 4 -1 -1 2 -1 2 -1 4  - 389
0 1 2 -1 4 -1 -1 2 -1 2 -1 6  - 349
0 1 2 -1 4 -1 -1 2 -1 4  - 525
0 1 2 -1 4 -1 -1 2 -1 4 -1 2  - 346
0 1 2 -1 4 -1 -1 2 -1 4 -1 4  - 336
0 1 2 -1 4 -1 -1 2 -1 4 -1 7  - 344
0 1 2 -1 4 -1 -1 2 -1 4 -1 7 2  - 308
0 1 2 -1 4 -1 -1 2 -1 5  - 419
0 1 2 -1 4 -1 -1 2 -1 5 2  - 418
0 1 2 -1 4 -1 -1 2 -1 5 2 -1 6  - 346
0 1 2 -1 4 -1 -1 2 -1 5 6  - 347
0 1 2 -1 4 -1 -1 2 -1 6  - 350
0 1 2 -1 4 -1 -1 2 -1 7  - 398
0 1 2 -1 4 -1 -1 2 -1 7 2  - 362
0 1 2 -1 4 -1 -1 2 -1 8  - 369
0 1 2 -1 4 -1 -1 2 -1 9  - 311
0 1 2 -1 4 -1 2  - 448
0 1 2 -1 4 -1 -1 4  - 565
0 1 2 -1 4 -1 -1 4 -1 2  - 347
0 1 2 -1 4 -1 -1 4 -1 4  - 340
0 1 2 -1 4 -1 -1 4 -1 7  - 376
0 1 2 -1 4 -1 -1 4 -1 7 2  - 308
0 1 2 -1 4 -1 4  - 470
0 1 2 -1 4 -1 -1 5  - 426
0 1 2 -1 4 -1 -1 5 2  - 418
0 1 2 -1 4 -1 -1 5 2 -1 6  - 346
0 1 2 -1 4 -1 -1 5 6  - 354
0 1 2 -1 4 -1 -1 6  - 359
0 1 2 -1 4 -1 -1 7  - 462
0 1 2 -1 4 -1 -1 7 2  - 362
0 1 2 -1 4 -1 7  - 421
0 1 2 -1 4 -1 7 2  - 321
0 1 2 -1 4 -1 -1 8  - 375
0 1 2 -1 4 -1 -1 9  - 313
0 1 2 -1 -1 5  - 496
0 1 2 -1 -1 5 2  - 488
0 1 2 -1 -1 5 2 -1 4  - 333
0 1 2 -1 -1 5 2 -1 6  - 352
0 1 2 -1 -1 5 4  - 336
0 1 2 -1 -1 5 6  - 360
0 1 2 -1 5  - 610
0 1 2 -1 5 2  - 608
0 1 2 -1 5 2 -1 3  - 317
0 1 2 -1 5 2 -1 4  - 379
0 1 2 -1 5 2 -1 6  - 472
0 1 2 -1 5 3  - 320
0 1 2 -1 5 4  - 379
0 1 2 -1 5 6  - 474
0 1 2 -1 -1 6  - 375
0 1 2 -1 6  - 537
0 1 2 -1 6 -1 4  - 347
0 1 2 -1 -1 7  - 565
0 1 2 -1 -1 7 2  - 465
0 1 2 -1 7  - 588
0 1 2 -1 7 2  - 521
0 1 2 -1 -1 8  - 485
0 1 2 -1 8  - 614
0 1 2 -1 8 2  - 367
0 1 2 -1 8 -1 4  - 317
0 1 2 -1 8 4  - 441
0 1 2 -1 -1 9  - 390
0 1 2 -1 9  - 581
0 1 2 -1 9 2  - 365
0 1 2 -1 9 4  - 348
0 1 2 -1 15  - 372
0 1 -1 3  - 346
0 1 3  - 887
0 1 3 -1 -1 1  - 737
0 1 3 -1 -1 1 2  - 673
0 1 3 -1 -1 1 2 -1 2  - 622
0 1 3 -1 -1 1 2 -1 2 -1 2  - 314
0 1 3 -1 -1 1 2 -1 2 -1 4  - 395
0 1 3 -1 -1 1 2 -1 4  - 539
0 1 3 -1 -1 1 2 -1 4 -1 2  - 316
0 1 3 -1 -1 1 2 -1 4 -1 4  - 341
0 1 3 -1 -1 1 2 -1 4 -1 7  - 378
0 1 3 -1 -1 1 2 -1 5  - 417
0 1 3 -1 -1 1 2 -1 5 2  - 415
0 1 3 -1 -1 1 2 -1 5 2 -1 4  - 302
0 1 3 -1 -1 1 2 -1 5 4  - 302
0 1 3 -1 -1 1 2 -1 7  - 487
0 1 3 -1 -1 1 2 -1 7 2  - 387
0 1 3 -1 -1 1 2 -1 8  - 429
0 1 3 -1 -1 1 2 -1 9  - 339
0 1 3 -1 -1 1 4  - 591
0 1 3 -1 -1 1 4 -1 2  - 323
0 1 3 -1 -1 1 4 -1 4  - 361
0 1 3 -1 -1 1 4 -1 7  - 411
0 1 3 -1 -1 1 5  - 443
0 1 3 -1 -1 1 5 2  - 415
0 1 3 -1 -1 1 5 2 -1 4  - 302
0 1 3 -1 -1 1 5 4  - 314
0 1 3 -1 -1 1 5 6  - 307
0 1 3 -1 -1 1 6  - 308
0 1 3 -1 -1 1 7  - 541
0 1 3 -1 -1 1 7 2  - 392
0 1 3 -1 -1 1 8  - 460
0 1 3 -1 -1 1 9  - 366
0 1 3 -1 -1 2  - 705
0 1 3 -1 -1 2 -1 2  - 622
0 1 3 -1 -1 2 -1 2 -1 2  - 314
0 1 3 -1 -1 2 -1 2 -1 4  - 395
0 1 3 -1 -1 2 -1 4  - 539
0 1 3 -1 -1 2 -1 4 -1 2  - 348
0 1 3 -1 -1 2 -1 4 -1 4  - 357
0 1 3 -1 -1 2 -1 4 -1 7  - 378
0 1 3 -1 -1 2 -1 5  - 417
0 1 3 -1 -1 2 -1 5 2  - 415
0 1 3 -1 -1 2 -1 5 2 -1 4  - 302
0 1 3 -1 -1 2 -1 5 4  - 302
0 1 3 -1 -1 2 -1 6  - 336
0 1 3 -1 -1 2 -1 7  - 487
0 1 3 -1 -1 2 -1 7 2  - 435
0 1 3 -1 -1 2 -1 8  - 429
0 1 3 -1 -1 2 -1 9  - 395
0 1 3 -1 2  - 349
0 1 3 -1 -1 3  - 302
0 1 3 -1 -1 4  - 591
0 1 3 -1 -1 4 -1 2  - 407
0 1 3 -1 -1 4 -1 4  - 394
0 1 3 -1 -1 4 -1 7  - 411
0 1 3 -1 -1 4 -1 7 2  - 331
0 1 3 -1 4  - 661
0 1 3 -1 4 -1 -1 1  - 579
0 1 3 -1 4 -1 -1 1 2  - 536
0 1 3 -1 4 -1 -1 1 2 -1 2  - 515
0 1 3 -1 4 -1 -1 1 2 -1 2 -1 4  - 368
0 1 3 -1 4 -1 -1 1 2 -1 4  - 476
0 1 3 -1 4 -1 -1 1 2 -1 4 -1 2  - 303
0 1 3 -1 4 -1 -1 1 2 -1 4 -1 4  - 328
0 1 3 -1 4 -1 -1 1 2 -1 4 -1 7  - 365
0 1 3 -1 4 -1 -1 1 2 -1 5  - 402
0 1 3 -1 4 -1 -1 1 2 -1 5 2  - 400
0 1 3 -1 4 -1 -1 1 2 -1 7  - 389
0 1 3 -1 4 -1 -1 1 2 -1 8  - 375
0 1 3 -1 4 -1 -1 1 4  - 523
0 1 3 -1 4 -1 -1 1 4 -1 2  - 310
0 1 3 -1 4 -1 -1 1 4 -1 4  - 345
0 1 3 -1 4 -1 -1 1 4 -1 7  - 395
0 1 3 -1 4 -1 -1 1 5  - 428
0 1 3 -1 4 -1 -1 1 5 2  - 400
0 1 3 -1 4 -1 -1 1 5 4  - 309
0 1 3 -1 4 -1 -1 1 7  - 422
0 1 3 -1 4 -1 -1 1 8  - 401
0 1 3 -1 4 -1 -1 2  - 552
0 1 3 -1 4 -1 -1 2 -1 2  - 515
0 1 3 -1 4 -1 -1 2 -1 2 -1 4  - 368
0 1 3 -1 4 -1 -1 2 -1 4  - 476
0 1 3 -1 4 -1 -1 2 -1 4 -1 2  - 335
0 1 3 -1 4 -1 -1 2 -1 4 -1 4  - 344
0 1 3 -1 4 -1 -1 2 -1 4 -1 7  - 365
0 1 3 -1 4 -1 -1 2 -1 5  - 402
0 1 3 -1 4 -1 -1 2 -1 5 2  - 400
0 1 3 -1 4 -1 -1 2 -1 6  - 317
0 1 3 -1 4 -1 -1 2 -1 7  - 389
0 1 3 -1 4 -1 -1 2 -1 7 2  - 337
0 1 3 -1 4 -1 -1 2 -1 8  - 375
0 1 3 -1 4 -1 -1 2 -1 9  - 316
0 1 3 -1 4 -1 -1 4  - 523
0 1 3 -1 4 -1 -1 4 -1 2  - 389
0 1 3 -1 4 -1 -1 4 -1 4  - 378
0 1 3 -1 4 -1 -1 4 -1 7  - 395
0 1 3 -1 4 -1 -1 4 -1 7 2  - 318
0 1 3 -1 4 -1 -1 5  - 428
0 1 3 -1 4 -1 -1 5 2  - 400
0 1 3 -1 4 -1 -1 5 2 -1 6  - 312
0 1 3 -1 4 -1 -1 5 4  - 309
0 1 3 -1 4 -1 -1 5 6  - 388
0 1 3 -1 4 -1 -1 6  - 413
0 1 3 -1 4 -1 -1 6 -1 4  - 315
0 1 3 -1 4 -1 -1 7  - 422
0 1 3 -1 4 -1 -1 7 2  - 390
0 1 3 -1 4 -1 -1 8  - 401
0 1 3 -1 4 -1 -1 9  - 377
0 1 3 -1 -1 5  - 443
0 1 3 -1 -1 5 2  - 415
0 1 3 -1 -1 5 2 -1 4  - 302
0 1 3 -1 -1 5 2 -1 6  - 327
0 1 3 -1 -1 5 4  - 314
0 1 3 -1 -1 5 6  - 403
0 1 3 -1 -1 6  - 452
0 1 3 -1 -1 6 -1 2  - 318
0 1 3 -1 -1 6 -1 4  - 329
0 1 3 -1 -1 7  - 541
0 1 3 -1 -1 7 2  - 488
0 1 3 -1 -1 8  - 460
0 1 3 -1 -1 9  - 462
0 1 3 -1 -1 9 -1 2  - 304
0 1 3 -1 -1 9 2  - 317
0 1 3 -1 9  - 312
0 1 -1 4  - 733
0 1 -1 4 -1 2  - 461
0 1 -1 4 -1 4  - 440
0 1 -1 4 -1 6  - 306
0 1 -1 4 -1 7  - 474
0 1 -1 4 -1 7 2  - 383
0 1 4  - 915
0 1 4 -1 -1 1  - 733
0 1 4 -1 -1 1 2  - 672
0 1 4 -1 -1 1 2 -1 2  - 628
0 1 4 -1 -1 1 2 -1 2 -1 2  - 338
0 1 4 -1 -1 1 2 -1 2 -1 4  - 453
0 1 4 -1 -1 1 2 -1 2 -1 6  - 346
0 1 4 -1 -1 1 2 -1 4  - 589
0 1 4 -1 -1 1 2 -1 4 -1 2  - 346
0 1 4 -1 -1 1 2 -1 4 -1 4  - 368
0 1 4 -1 -1 1 2 -1 4 -1 7  - 408
0 1 4 -1 -1 1 2 -1 4 -1 7 2  - 308
0 1 4 -1 -1 1 2 -1 5  - 484
0 1 4 -1 -1 1 2 -1 5 2  - 482
0 1 4 -1 -1 1 2 -1 5 2 -1 4  - 330
0 1 4 -1 -1 1 2 -1 5 2 -1 6  - 346
0 1 4 -1 -1 1 2 -1 5 4  - 330
0 1 4 -1 -1 1 2 -1 5 6  - 348
0 1 4 -1 -1 1 2 -1 6  - 348
0 1 4 -1 -1 1 2 -1 7  - 462
0 1 4 -1 -1 1 2 -1 7 2  - 362
0 1 4 -1 -1 1 2 -1 8  - 433
0 1 4 -1 -1 1 2 -1 9  - 311
0 1 4 -1 -1 1 3  - 303
0 1 4 -1 -1 1 4  - 661
0 1 4 -1 -1 1 4 -1 2  - 362
0 1 4 -1 -1 1 4 -1 4  - 396
0 1 4 -1 -1 1 4 -1 7  - 458
0 1 4 -1 -1 1 4 -1 7 2  - 322
0 1 4 -1 -1 1 5  - 532
0 1 4 -1 -1 1 5 2  - 482
0 1 4 -1 -1 1 5 2 -1 4  - 330
0 1 4 -1 -1 1 5 2 -1 6  - 346
0 1 4 -1 -1 1 5 4  - 352
0 1 4 -1 -1 1 5 6  - 396
0 1 4 -1 -1 1 5 -1 7  - 306
0 1 4 -1 -1 1 6  - 400
0 1 4 -1 -1 1 6 -1 4  - 302
0 1 4 -1 -1 1 7  - 517
0 1 4 -1 -1 1 7 2  - 376
0 1 4 -1 -1 1 8  - 477
0 1 4 -1 -1 1 8 4  - 304
0 1 4 -1 -1 1 9  - 352
0 1 4 -1 -1 2  - 695
0 1 4 -1 -1 2 -1 2  - 628
0 1 4 -1 -1 2 -1 2 -1 2  - 338
0 1 4 -1 -1 2 -1 2 -1 4  - 453
0 1 4 -1 -1 2 -1 2 -1 6  - 349
0 1 4 -1 -1 2 -1 4  - 589
0 1 4 -1 -1 2 -1 4 -1 2  - 378
0 1 4 -1 -1 2 -1 4 -1 4  - 384
0 1 4 -1 -1 2 -1 4 -1 7  - 408
0 1 4 -1 -1 2 -1 4 -1 7 2  - 308
0 1 4 -1 -1 2 -1 5  - 484
0 1 4 -1 -1 2 -1 5 2  - 482
0 1 4 -1 -1 2 -1 5 2 -1 4  - 330
0 1 4 -1 -1 2 -1 5 2 -1 6  - 346
0 1 4 -1 -1 2 -1 5 4  - 330
0 1 4 -1 -1 2 -1 5 6  - 348
0 1 4 -1 -1 2 -1 6  - 399
0 1 4 -1 -1 2 -1 6 -1 4  - 315
0 1 4 -1 -1 2 -1 7  - 462
0 1 4 -1 -1 2 -1 7 2  - 410
0 1 4 -1 -1 2 -1 8  - 433
0 1 4 -1 -1 2 -1 9  - 367
0 1 4 -1 2  - 562
0 1 4 -1 -1 3  - 328
0 1 4 -1 -1 4  - 661
0 1 4 -1 -1 4 -1 2  - 443
0 1 4 -1 -1 4 -1 4  - 429
0 1 4 -1 -1 4 -1 7  - 458
0 1 4 -1 -1 4 -1 7 2  - 370
0 1 4 -1 4  - 581
0 1 4 -1 -1 5  - 532
0 1 4 -1 -1 5 -1 2  - 338
0 1 4 -1 -1 5 2  - 482
0 1 4 -1 -1 5 2 -1 -1 2  - 326
0 1 4 -1 -1 5 2 -1 -1 4  - 334
0 1 4 -1 -1 5 2 -1 4  - 330
0 1 4 -1 -1 5 2 -1 6  - 394
0 1 4 -1 -1 5 -1 4  - 351
0 1 4 -1 -1 5 4  - 352
0 1 4 -1 -1 5 6  - 492
0 1 4 -1 -1 5 6 -1 -1 4  - 317
0 1 4 -1 -1 5 -1 7  - 306
0 1 4 -1 5  - 381
0 1 4 -1 5 2  - 336
0 1 4 -1 5 6  - 381
0 1 4 -1 -1 6  - 531
0 1 4 -1 -1 6 -1 2  - 354
0 1 4 -1 -1 6 -1 4  - 408
0 1 4 -1 6  - 381
0 1 4 -1 -1 7  - 517
0 1 4 -1 -1 7 2  - 472
0 1 4 -1 7  - 476
0 1 4 -1 7 2  - 433
0 1 4 -1 -1 8  - 477
0 1 4 -1 -1 8 4  - 320
0 1 4 -1 -1 9  - 448
0 1 4 -1 -1 9 -1 2  - 309
0 1 4 -1 -1 9 4  - 301
0 1 4 -1 9  - 309
0 1 -1 5  - 538
0 1 -1 5 -1 2  - 344
0 1 -1 5 2  - 488
0 1 -1 5 2 -1 -1 2  - 332
0 1 -1 5 2 -1 -1 4  - 336
0 1 -1 5 2 -1 4  - 333
0 1 -1 5 2 -1 6  - 400
0 1 -1 5 -1 4  - 353
0 1 -1 5 4  - 355
0 1 -1 5 6  - 498
0 1 -1 5 6 -1 -1 4  - 319
0 1 -1 5 -1 7  - 312
0 1 5  - 712
0 1 5 -1 2  - 344
0 1 5 2  - 608
0 1 5 2 -1 3  - 317
0 1 5 2 -1 4  - 379
0 1 5 2 -1 6  - 520
0 1 5 3  - 419
0 1 5 -1 4  - 370
0 1 5 4  - 436
0 1 5 6  - 676
0 1 5 6 -1 -1 4  - 304
0 1 5 -1 7  - 312
0 1 -1 6  - 558
0 1 -1 6 -1 2  - 373
0 1 -1 6 -1 4  - 413
0 1 6  - 695
0 1 6 -1 4  - 458
0 1 -1 7  - 643
0 1 -1 7 2  - 575
0 1 7  - 671
0 1 7 2  - 589
0 1 -1 8  - 528
0 1 -1 8 2  - 309
0 1 -1 8 4  - 338
0 1 8  - 696
0 1 8 2  - 445
0 1 8 2 -1 6  - 330
0 1 8 3  - 311
0 1 8 -1 4  - 365
0 1 8 4  - 588
0 1 8 4 -1 4  - 366
0 1 8 5  - 436
0 1 8 5 2  - 380
0 1 8 5 2 -1 6  - 328
0 1 8 5 6  - 436
0 1 8 6  - 436
0 1 -1 9  - 531
0 1 -1 9 -1 2  - 324
0 1 -1 9 2  - 366
0 1 -1 9 4  - 315
0 1 -1 9 7  - 313
0 1 9  - 693
0 1 9 2  - 406
0 1 9 4  - 412
0 1 9 7  - 317
0 1 10  - 333
0 1 15  - 435
0 2  - 1163
0 2 -1 1  - 880
0 2 -1 1 2  - 807
0 2 -1 1 2 -1 2  - 731
0 2 -1 1 2 -1 2 -1 2  - 356
0 2 -1 1 2 -1 2 -1 4  - 467
0 2 -1 1 2 -1 2 -1 6  - 352
0 2 -1 1 2 -1 4  - 656
0 2 -1 1 2 -1 4 -1 2  - 359
0 2 -1 1 2 -1 4 -1 4  - 376
0 2 -1 1 2 -1 4 -1 7  - 421
0 2 -1 1 2 -1 4 -1 7 2  - 321
0 2 -1 1 2 -1 5  - 489
0 2 -1 1 2 -1 5 2  - 488
0 2 -1 1 2 -1 5 2 -1 4  - 333
0 2 -1 1 2 -1 5 2 -1 6  - 352
0 2 -1 1 2 -1 5 4  - 333
0 2 -1 1 2 -1 5 6  - 353
0 2 -1 1 2 -1 6  - 353
0 2 -1 1 2 -1 7  - 565
0 2 -1 1 2 -1 7 2  - 465
0 2 -1 1 2 -1 8  - 479
0 2 -1 1 2 -1 9  - 388
0 2 -1 1 3  - 325
0 2 -1 1 4  - 716
0 2 -1 1 4 -1 2  - 360
0 2 -1 1 4 -1 4  - 408
0 2 -1 1 4 -1 7  - 426
0 2 -1 1 4 -1 7 2  - 321
0 2 -1 1 5  - 550
0 2 -1 1 5 2  - 488
0 2 -1 1 5 2 -1 4  - 333
0 2 -1 1 5 2 -1 6  - 352
0 2 -1 1 5 4  - 361
0 2 -1 1 5 6  - 414
0 2 -1 1 6  - 431
0 2 -1 1 6 -1 4  - 324
0 2 -1 1 7  - 575
0 2 -1 1 7 2  - 465
0 2 -1 1 8  - 512
0 2 -1 1 8 4  - 311
0 2 -1 1 9  - 411
0 2 -1 2  - 907
0 2 -1 2 -1 2  - 749
0 2 -1 2 -1 2 -1 2  - 435
0 2 -1 2 -1 2 -1 4  - 485
0 2 -1 2 -1 2 -1 6  - 359
0 2 -1 2 -1 2 -1 7  - 322
0 2 -1 2 -1 3  - 346
0 2 -1 2 -1 4  - 700
0 2 -1 2 -1 4 -1 2  - 424
0 2 -1 2 -1 4 -1 4  - 424
0 2 -1 2 -1 4 -1 7  - 434
0 2 -1 2 -1 4 -1 7 2  - 334
0 2 -1 2 -1 5  - 489
0 2 -1 2 -1 5 2  - 488
0 2 -1 2 -1 5 2 -1 4  - 333
0 2 -1 2 -1 5 2 -1 6  - 352
0 2 -1 2 -1 5 4  - 333
0 2 -1 2 -1 5 6  - 353
0 2 -1 2 -1 6  - 480
0 2 -1 2 -1 6 -1 4  - 334
0 2 -1 2 -1 7  - 565
0 2 -1 2 -1 7 2  - 465
0 2 -1 2 -1 8  - 479
0 2 -1 2 -1 9  - 396
0 2 -1 2 -1 15  - 336
0 2 -1 3  - 775
0 2 -1 3 -1 1  - 588
0 2 -1 3 -1 1 2  - 571
0 2 -1 3 -1 1 2 -1 2  - 526
0 2 -1 3 -1 1 2 -1 4  - 443
0 2 -1 3 -1 1 2 -1 4 -1 2  - 316
0 2 -1 3 -1 1 2 -1 5  - 320
0 2 -1 3 -1 1 2 -1 5 2  - 319
0 2 -1 3 -1 1 2 -1 7  - 391
0 2 -1 3 -1 1 2 -1 7 2  - 387
0 2 -1 3 -1 1 2 -1 8  - 333
0 2 -1 3 -1 1 2 -1 9  - 339
0 2 -1 3 -1 1 4  - 456
0 2 -1 3 -1 1 4 -1 2  - 317
0 2 -1 3 -1 1 5  - 327
0 2 -1 3 -1 1 5 2  - 319
0 2 -1 3 -1 1 7  - 401
0 2 -1 3 -1 1 7 2  - 387
0 2 -1 3 -1 1 8  - 339
0 2 -1 3 -1 1 9  - 341
0 2 -1 3 -1 2  - 671
0 2 -1 3 -1 2 -1 2  - 532
0 2 -1 3 -1 2 -1 2 -1 4  - 305
0 2 -1 3 -1 2 -1 4  - 481
0 2 -1 3 -1 2 -1 4 -1 2  - 316
0 2 -1 3 -1 2 -1 4 -1 4  - 305
0 2 -1 3 -1 2 -1 5  - 320
0 2 -1 3 -1 2 -1 5 2  - 319
0 2 -1 3 -1 2 -1 6  - 366
0 2 -1 3 -1 2 -1 7  - 391
0 2 -1 3 -1 2 -1 7 2  - 387
0 2 -1 3 -1 2 -1 8  - 334
0 2 -1 3 -1 2 -1 9  - 340
0 2 -1 3 -1 4  - 583
0 2 -1 3 -1 4 -1 1  - 446
0 2 -1 3 -1 4 -1 1 2  - 434
0 2 -1 3 -1 4 -1 1 2 -1 2  - 419
0 2 -1 3 -1 4 -1 1 2 -1 4  - 380
0 2 -1 3 -1 4 -1 1 2 -1 4 -1 2  - 303
0 2 -1 3 -1 4 -1 1 2 -1 5  - 305
0 2 -1 3 -1 4 -1 1 2 -1 5 2  - 304
0 2 -1 3 -1 4 -1 1 4  - 393
0 2 -1 3 -1 4 -1 1 4 -1 2  - 304
0 2 -1 3 -1 4 -1 1 5  - 312
0 2 -1 3 -1 4 -1 1 5 2  - 304
0 2 -1 3 -1 4 -1 2  - 471
0 2 -1 3 -1 4 -1 2 -1 2  - 423
0 2 -1 3 -1 4 -1 2 -1 4  - 391
0 2 -1 3 -1 4 -1 2 -1 4 -1 2  - 304
0 2 -1 3 -1 4 -1 2 -1 5  - 305
0 2 -1 3 -1 4 -1 2 -1 5 2  - 304
0 2 -1 3 -1 4 -1 4  - 440
0 2 -1 3 -1 4 -1 4 -1 2  - 323
0 2 -1 3 -1 4 -1 4 -1 4  - 300
0 2 -1 3 -1 4 -1 5  - 332
0 2 -1 3 -1 4 -1 5 2  - 324
0 2 -1 3 -1 4 -1 6  - 300
0 2 -1 3 -1 4 -1 7  - 317
0 2 -1 3 -1 4 -1 7 2  - 308
0 2 -1 3 -1 5  - 408
0 2 -1 3 -1 5 2  - 400
0 2 -1 3 -1 5 2 -1 6  - 358
0 2 -1 3 -1 5 6  - 366
0 2 -1 3 -1 6  - 376
0 2 -1 3 -1 7  - 468
0 2 -1 3 -1 7 2  - 406
0 2 -1 3 -1 8  - 395
0 2 -1 3 -1 9  - 402
0 2 -1 4  - 848
0 2 -1 4 -1 1  - 605
0 2 -1 4 -1 1 2  - 593
0 2 -1 4 -1 1 2 -1 2  - 564
0 2 -1 4 -1 1 2 -1 2 -1 4  - 389
0 2 -1 4 -1 1 2 -1 2 -1 6  - 346
0 2 -1 4 -1 1 2 -1 4  - 525
0 2 -1 4 -1 1 2 -1 4 -1 2  - 346
0 2 -1 4 -1 1 2 -1 4 -1 4  - 336
0 2 -1 4 -1 1 2 -1 4 -1 7  - 344
0 2 -1 4 -1 1 2 -1 4 -1 7 2  - 308
0 2 -1 4 -1 1 2 -1 5  - 419
0 2 -1 4 -1 1 2 -1 5 2  - 418
0 2 -1 4 -1 1 2 -1 5 2 -1 6  - 346
0 2 -1 4 -1 1 2 -1 5 6  - 347
0 2 -1 4 -1 1 2 -1 6  - 347
0 2 -1 4 -1 1 2 -1 7  - 398
0 2 -1 4 -1 1 2 -1 7 2  - 362
0 2 -1 4 -1 1 2 -1 8  - 369
0 2 -1 4 -1 1 2 -1 9  - 311
0 2 -1 4 -1 1 4  - 538
0 2 -1 4 -1 1 4 -1 2  - 347
0 2 -1 4 -1 1 4 -1 4  - 340
0 2 -1 4 -1 1 4 -1 7  - 349
0 2 -1 4 -1 1 4 -1 7 2  - 308
0 2 -1 4 -1 1 5  - 426
0 2 -1 4 -1 1 5 2  - 418
0 2 -1 4 -1 1 5 2 -1 6  - 346
0 2 -1 4 -1 1 5 6  - 354
0 2 -1 4 -1 1 6  - 354
0 2 -1 4 -1 1 7  - 403
0 2 -1 4 -1 1 7 2  - 362
0 2 -1 4 -1 1 8  - 375
0 2 -1 4 -1 1 9  - 313
0 2 -1 4 -1 2  - 645
0 2 -1 4 -1 2 -1 2  - 570
0 2 -1 4 -1 2 -1 2 -1 2  - 321
0 2 -1 4 -1 2 -1 2 -1 4  - 392
0 2 -1 4 -1 2 -1 2 -1 6  - 349
0 2 -1 4 -1 2 -1 4  - 543
0 2 -1 4 -1 2 -1 4 -1 2  - 364
0 2 -1 4 -1 2 -1 4 -1 4  - 347
0 2 -1 4 -1 2 -1 4 -1 7  - 349
0 2 -1 4 -1 2 -1 4 -1 7 2  - 313
0 2 -1 4 -1 2 -1 5  - 419
0 2 -1 4 -1 2 -1 5 2  - 418
0 2 -1 4 -1 2 -1 5 2 -1 6  - 346
0 2 -1 4 -1 2 -1 5 6  - 347
0 2 -1 4 -1 2 -1 6  - 403
0 2 -1 4 -1 2 -1 7  - 401
0 2 -1 4 -1 2 -1 7 2  - 365
0 2 -1 4 -1 2 -1 8  - 369
0 2 -1 4 -1 2 -1 9  - 312
0 2 -1 4 -1 3  - 310
0 2 -1 4 -1 4  - 667
0 2 -1 4 -1 4 -1 2  - 421
0 2 -1 4 -1 4 -1 4  - 399
0 2 -1 4 -1 4 -1 7  - 404
0 2 -1 4 -1 4 -1 7 2  - 331
0 2 -1 4 -1 5  - 484
0 2 -1 4 -1 5 2  - 471
0 2 -1 4 -1 5 2 -1 6  - 399
0 2 -1 4 -1 5 6  - 412
0 2 -1 4 -1 6  - 424
0 2 -1 4 -1 6 -1 4  - 316
0 2 -1 4 -1 7  - 480
0 2 -1 4 -1 7 2  - 375
0 2 -1 4 -1 8  - 380
0 2 -1 4 -1 9  - 338
0 2 -1 5  - 671
0 2 -1 5 -1 2  - 312
0 2 -1 5 2  - 608
0 2 -1 5 2 -1 -1 2  - 308
0 2 -1 5 2 -1 3  - 317
0 2 -1 5 2 -1 4  - 379
0 2 -1 5 2 -1 6  - 472
0 2 -1 5 2 -1 -1 7  - 302
0 2 -1 5 3  - 344
0 2 -1 5 -1 4  - 317
0 2 -1 5 4  - 407
0 2 -1 5 6  - 535
0 2 -1 5 -1 7  - 302
0 2 -1 6  - 746
0 2 -1 6 -1 1  - 327
0 2 -1 6 -1 1 4  - 303
0 2 -1 6 -1 2  - 362
0 2 -1 6 -1 2 -1 4  - 306
0 2 -1 6 -1 4  - 466
0 2 -1 6 -1 5  - 312
0 2 -1 6 -1 6  - 431
0 2 -1 7  - 598
0 2 -1 7 2  - 521
0 2 -1 8  - 647
0 2 -1 8 -1 2  - 378
0 2 -1 8 2  - 368
0 2 -1 8 -1 4  - 389
0 2 -1 8 4  - 465
0 2 -1 8 4 -1 -1 2  - 307
0 2 -1 8 -1 7  - 306
0 2 -1 9  - 604
0 2 -1 9 -1 2  - 369
0 2 -1 9 2  - 365
0 2 -1 9 -1 4  - 343
0 2 -1 9 4  - 360
0 2 -1 14  - 309
0 2 -1 15  - 414
0 3  - 904
0 3 -1 1  - 737
0 3 -1 1 2  - 673
0 3 -1 1 2 -1 2  - 622
0 3 -1 1 2 -1 2 -1 2  - 314
0 3 -1 1 2 -1 2 -1 4  - 395
0 3 -1 1 2 -1 4  - 539
0 3 -1 1 2 -1 4 -1 2  - 316
0 3 -1 1 2 -1 4 -1 4  - 341
0 3 -1 1 2 -1 4 -1 7  - 378
0 3 -1 1 2 -1 5  - 417
0 3 -1 1 2 -1 5 2  - 415
0 3 -1 1 2 -1 5 2 -1 4  - 302
0 3 -1 1 2 -1 5 4  - 302
0 3 -1 1 2 -1 7  - 487
0 3 -1 1 2 -1 7 2  - 387
0 3 -1 1 2 -1 8  - 429
0 3 -1 1 2 -1 9  - 339
0 3 -1 1 3  - 326
0 3 -1 1 4  - 591
0 3 -1 1 4 -1 2  - 323
0 3 -1 1 4 -1 4  - 361
0 3 -1 1 4 -1 7  - 411
0 3 -1 1 5  - 443
0 3 -1 1 5 2  - 415
0 3 -1 1 5 2 -1 4  - 302
0 3 -1 1 5 4  - 314
0 3 -1 1 5 6  - 307
0 3 -1 1 6  - 308
0 3 -1 1 7  - 541
0 3 -1 1 7 2  - 392
0 3 -1 1 8  - 460
0 3 -1 1 9  - 366
0 3 -1 2  - 809
0 3 -1 2 -1 2  - 628
0 3 -1 2 -1 2 -1 2  - 318
0 3 -1 2 -1 2 -1 4  - 401
0 3 -1 2 -1 4  - 577
0 3 -1 2 -1 4 -1 2  - 352
0 3 -1 2 -1 4 -1 4  - 372
0 3 -1 2 -1 4 -1 7  - 378
0 3 -1 2 -1 5  - 417
0 3 -1 2 -1 5 2  - 415
0 3 -1 2 -1 5 2 -1 4  - 302
0 3 -1 2 -1 5 4  - 302
0 3 -1 2 -1 6  - 415
0 3 -1 2 -1 7  - 487
0 3 -1 2 -1 7 2  - 435
0 3 -1 2 -1 8  - 430
0 3 -1 2 -1 9  - 400
0 3 -1 3  - 363
0 3 -1 4  - 730
0 3 -1 4 -1 1  - 579
0 3 -1 4 -1 1 2  - 536
0 3 -1 4 -1 1 2 -1 2  - 515
0 3 -1 4 -1 1 2 -1 2 -1 4  - 368
0 3 -1 4 -1 1 2 -1 4  - 476
0 3 -1 4 -1 1 2 -1 4 -1 2  - 303
0 3 -1 4 -1 1 2 -1 4 -1 4  - 328
0 3 -1 4 -1 1 2 -1 4 -1 7  - 365
0 3 -1 4 -1 1 2 -1 5  - 402
0 3 -1 4 -1 1 2 -1 5 2  - 400
0 3 -1 4 -1 1 2 -1 7  - 389
0 3 -1 4 -1 1 2 -1 8  - 375
0 3 -1 4 -1 1 4  - 523
0 3 -1 4 -1 1 4 -1 2  - 310
0 3 -1 4 -1 1 4 -1 4  - 345
0 3 -1 4 -1 1 4 -1 7  - 395
0 3 -1 4 -1 1 5  - 428
0 3 -1 4 -1 1 5 2  - 400
0 3 -1 4 -1 1 5 4  - 309
0 3 -1 4 -1 1 7  - 422
0 3 -1 4 -1 1 8  - 401
0 3 -1 4 -1 2  - 596
0 3 -1 4 -1 2 -1 2  - 519
0 3 -1 4 -1 2 -1 2 -1 4  - 369
0 3 -1 4 -1 2 -1 4  - 487
0 3 -1 4 -1 2 -1 4 -1 2  - 336
0 3 -1 4 -1 2 -1 4 -1 4  - 346
0 3 -1 4 -1 2 -1 4 -1 7  - 366
0 3 -1 4 -1 2 -1 5  - 402
0 3 -1 4 -1 2 -1 5 2  - 400
0 3 -1 4 -1 2 -1 6  - 337
0 3 -1 4 -1 2 -1 7  - 392
0 3 -1 4 -1 2 -1 7 2  - 340
0 3 -1 4 -1 2 -1 8  - 375
0 3 -1 4 -1 2 -1 9  - 317
0 3 -1 4 -1 4  - 576
0 3 -1 4 -1 4 -1 2  - 412
0 3 -1 4 -1 4 -1 4  - 397
0 3 -1 4 -1 4 -1 7  - 412
0 3 -1 4 -1 4 -1 7 2  - 329
0 3 -1 4 -1 5  - 448
0 3 -1 4 -1 5 2  - 420
0 3 -1 4 -1 5 2 -1 4  - 304
0 3 -1 4 -1 5 2 -1 6  - 332
0 3 -1 4 -1 5 4  - 316
0 3 -1 4 -1 5 6  - 408
0 3 -1 4 -1 6  - 438
0 3 -1 4 -1 6 -1 2  - 303
0 3 -1 4 -1 6 -1 4  - 326
0 3 -1 4 -1 7  - 448
0 3 -1 4 -1 7 2  - 411
0 3 -1 4 -1 8  - 405
0 3 -1 4 -1 9  - 390
0 3 -1 5  - 524
0 3 -1 5 2  - 496
0 3 -1 5 2 -1 -1 4  - 308
0 3 -1 5 2 -1 4  - 330
0 3 -1 5 2 -1 6  - 406
0 3 -1 5 3  - 322
0 3 -1 5 -1 4  - 316
0 3 -1 5 4  - 342
0 3 -1 5 6  - 486
0 3 -1 6  - 529
0 3 -1 6 -1 2  - 322
0 3 -1 6 -1 4  - 369
0 3 -1 7  - 570
0 3 -1 7 2  - 515
0 3 -1 8  - 518
0 3 -1 8 -1 2  - 307
0 3 -1 8 2  - 355
0 3 -1 8 4  - 413
0 3 -1 8 5  - 319
0 3 -1 8 5 6  - 319
0 3 -1 8 6  - 319
0 3 -1 9  - 527
0 3 -1 9 -1 2  - 335
0 3 -1 9 2  - 357
0 3 -1 9 4  - 315
0 3 -1 10  - 307
0 4  - 1017
0 4 -1 1  - 733
0 4 -1 1 2  - 672
0 4 -1 1 2 -1 2  - 628
0 4 -1 1 2 -1 2 -1 2  - 338
0 4 -1 1 2 -1 2 -1 4  - 453
0 4 -1 1 2 -1 2 -1 6  - 346
0 4 -1 1 2 -1 4  - 589
0 4 -1 1 2 -1 4 -1 2  - 346
0 4 -1 1 2 -1 4 -1 4  - 368
0 4 -1 1 2 -1 4 -1 7  - 408
0 4 -1 1 2 -1 4 -1 7 2  - 308
0 4 -1 1 2 -1 5  - 484
0 4 -1 1 2 -1 5 2  - 482
0 4 -1 1 2 -1 5 2 -1 4  - 330
0 4 -1 1 2 -1 5 2 -1 6  - 346
0 4 -1 1 2 -1 5 4  - 330
0 4 -1 1 2 -1 5 6  - 348
0 4 -1 1 2 -1 6  - 348
0 4 -1 1 2 -1 7  - 462
0 4 -1 1 2 -1 7 2  - 362
0 4 -1 1 2 -1 8  - 433
0 4 -1 1 2 -1 9  - 311
0 4 -1 1 3  - 303
0 4 -1 1 4  - 661
0 4 -1 1 4 -1 2  - 362
0 4 -1 1 4 -1 4  - 396
0 4 -1 1 4 -1 7  - 458
0 4 -1 1 4 -1 7 2  - 322
0 4 -1 1 5  - 532
0 4 -1 1 5 2  - 482
0 4 -1 1 5 2 -1 4  - 330
0 4 -1 1 5 2 -1 6  - 346
0 4 -1 1 5 4  - 352
0 4 -1 1 5 6  - 396
0 4 -1 1 5 -1 7  - 306
0 4 -1 1 6  - 400
0 4 -1 1 6 -1 4  - 302
0 4 -1 1 7  - 517
0 4 -1 1 7 2  - 376
0 4 -1 1 8  - 477
0 4 -1 1 8 4  - 304
0 4 -1 1 9  - 352
0 4 -1 2  - 750
0 4 -1 2 -1 2  - 634
0 4 -1 2 -1 2 -1 2  - 385
0 4 -1 2 -1 2 -1 4  - 456
0 4 -1 2 -1 2 -1 6  - 349
0 4 -1 2 -1 4  - 609
0 4 -1 2 -1 4 -1 2  - 396
0 4 -1 2 -1 4 -1 4  - 396
0 4 -1 2 -1 4 -1 7  - 413
0 4 -1 2 -1 4 -1 7 2  - 313
0 4 -1 2 -1 5  - 484
0 4 -1 2 -1 5 2  - 482
0 4 -1 2 -1 5 2 -1 4  - 330
0 4 -1 2 -1 5 2 -1 6  - 346
0 4 -1 2 -1 5 4  - 330
0 4 -1 2 -1 5 6  - 348
0 4 -1 2 -1 6  - 454
0 4 -1 2 -1 6 -1 4  - 347
0 4 -1 2 -1 7  - 465
0 4 -1 2 -1 7 2  - 413
0 4 -1 2 -1 8  - 433
0 4 -1 2 -1 9  - 368
0 4 -1 3  - 378
0 4 -1 4  - 850
0 4 -1 4 -1 2  - 522
0 4 -1 4 -1 4  - 510
0 4 -1 4 -1 5  - 350
0 4 -1 4 -1 5 2  - 300
0 4 -1 4 -1 5 6  - 309
0 4 -1 4 -1 6  - 381
0 4 -1 4 -1 7  - 489
0 4 -1 4 -1 7 2  - 393
0 4 -1 5  - 590
0 4 -1 5 -1 2  - 385
0 4 -1 5 2  - 535
0 4 -1 5 2 -1 -1 2  - 373
0 4 -1 5 2 -1 -1 4  - 352
0 4 -1 5 2 -1 4  - 357
0 4 -1 5 2 -1 6  - 447
0 4 -1 5 3  - 312
0 4 -1 5 -1 4  - 382
0 4 -1 5 4  - 386
0 4 -1 5 6  - 550
0 4 -1 5 6 -1 -1 2  - 321
0 4 -1 5 6 -1 -1 4  - 348
0 4 -1 5 -1 7  - 320
0 4 -1 6  - 589
0 4 -1 6 -1 2  - 401
0 4 -1 6 -1 2 -1 4  - 306
0 4 -1 6 -1 4  - 447
0 4 -1 6 -1 5  - 319
0 4 -1 6 -1 5 2  - 307
0 4 -1 7  - 535
0 4 -1 7 2  - 487
0 4 -1 8  - 486
0 4 -1 8 4  - 327
0 4 -1 9  - 482
0 4 -1 9 -1 2  - 325
0 4 -1 9 2  - 306
0 4 -1 9 4  - 328
0 4 -1 10  - 321
0 5  - 712
0 5 -1 2  - 420
0 5 2  - 608
0 5 2 -1 -1 2  - 408
0 5 2 -1 3  - 317
0 5 2 -1 -1 4  - 375
0 5 2 -1 4  - 379
0 5 2 -1 6  - 520
0 5 2 -1 -1 7  - 302
0 5 3  - 419
0 5 -1 4  - 446
0 5 4  - 436
0 5 -1 6  - 365
0 5 6  - 676
0 5 6 -1 -1 2  - 356
0 5 6 -1 -1 4  - 412
0 5 -1 7  - 332
0 5 -1 7 2  - 310
0 6  - 951
0 6 -1 1  - 578
0 6 -1 1 2  - 519
0 6 -1 1 2 -1 2  - 490
0 6 -1 1 2 -1 2 -1 4  - 351
0 6 -1 1 2 -1 2 -1 6  - 308
0 6 -1 1 2 -1 4  - 427
0 6 -1 1 2 -1 5  - 408
0 6 -1 1 2 -1 5 2  - 408
0 6 -1 1 2 -1 5 2 -1 6  - 308
0 6 -1 1 2 -1 5 6  - 308
0 6 -1 1 2 -1 6  - 308
0 6 -1 1 2 -1 8  - 347
0 6 -1 1 3  - 310
0 6 -1 1 4  - 492
0 6 -1 1 5  - 467
0 6 -1 1 5 2  - 408
0 6 -1 1 5 2 -1 6  - 308
0 6 -1 1 5 6  - 367
0 6 -1 1 6  - 371
0 6 -1 1 7  - 317
0 6 -1 1 8  - 392
0 6 -1 2  - 630
0 6 -1 2 -1 2  - 490
0 6 -1 2 -1 2 -1 4  - 371
0 6 -1 2 -1 2 -1 6  - 308
0 6 -1 2 -1 4  - 463
0 6 -1 2 -1 5  - 408
0 6 -1 2 -1 5 2  - 408
0 6 -1 2 -1 5 2 -1 6  - 308
0 6 -1 2 -1 5 6  - 308
0 6 -1 2 -1 6  - 310
0 6 -1 2 -1 8  - 362
0 6 -1 3  - 438
0 6 -1 4  - 618
0 6 -1 4 -1 2  - 320
0 6 -1 4 -1 4  - 408
0 6 -1 5  - 497
0 6 -1 5 2  - 438
0 6 -1 5 2 -1 6  - 308
0 6 -1 5 6  - 367
0 6 -1 6  - 572
0 6 -1 6 -1 4  - 301
0 6 -1 7  - 362
0 6 -1 7 2  - 332
0 6 -1 8  - 428
0 6 -1 9  - 388
0 6 -1 14  - 333
0 6 -1 15  - 304
0 7  - 671
0 7 2  - 589
0 8  - 701
0 8 -1 2  - 460
0 8 2  - 445
0 8 2 -1 6  - 330
0 8 3  - 311
0 8 -1 4  - 420
0 8 4  - 593
0 8 4 -1 -1 2  - 408
0 8 4 -1 -1 4  - 389
0 8 4 -1 4  - 371
0 8 4 -1 -1 7  - 327
0 8 -1 5  - 316
0 8 5  - 436
0 8 5 2  - 380
0 8 5 2 -1 6  - 328
0 8 5 6  - 436
0 8 6  - 436
0 8 -1 7  - 341
0 9  - 707
0 9 -1 2  - 437
0 9 2  - 407
0 9 -1 4  - 390
0 9 4  - 418
0 9 -1 7  - 344
0 9 7  - 317
0 9 10  - 305
0 10  - 346
0 14  - 450
0 14 -1 6  - 409
0 15  - 435
1 2  - 2197
1 2 -1 2  - 1919
1 2 -1 2 -1 2  - 790
1 2 -1 2 -1 3  - 671
1 2 -1 2 -1 4  - 1330
1 2 -1 2 -1 4 -1 2  - 498
1 2 -1 2 -1 4 -1 4  - 719
1 2 -1 2 -1 4 -1 7  - 515
1 2 -1 2 -1 4 -1 7 2  - 413
1 2 -1 2 -1 4 -1 9  - 315
1 2 -1 2 -1 4 -1 10  - 469
1 2 -1 2 -1 6  - 1323
1 2 -1 2 -1 6 -1 2  - 602
1 2 -1 2 -1 6 -1 3  - 534
1 2 -1 2 -1 6 -1 4  - 1010
1 2 -1 2 -1 6 -1 4 -1 2  - 418
1 2 -1 2 -1 6 -1 4 -1 4  - 489
1 2 -1 2 -1 6 -1 4 -1 7  - 351
1 2 -1 2 -1 6 -1 4 -1 7 2  - 349
1 2 -1 2 -1 6 -1 4 -1 10  - 311
1 2 -1 2 -1 6 -1 7  - 451
1 2 -1 2 -1 6 -1 7 2  - 431
1 2 -1 2 -1 6 -1 9  - 399
1 2 -1 2 -1 6 -1 10  - 424
1 2 -1 2 -1 7  - 618
1 2 -1 2 -1 7 2  - 494
1 2 -1 2 -1 8  - 533
1 2 -1 2 -1 9  - 607
1 2 -1 2 -1 9 4  - 396
1 2 -1 2 -1 9 10  - 348
1 2 -1 2 -1 10  - 615
1 2 -1 2 -1 12  - 319
1 2 -1 2 -1 15  - 334
1 2 -1 3  - 1216
1 2 -1 3 -1 2  - 532
1 2 -1 3 -1 4  - 750
1 2 -1 3 -1 5  - 311
1 2 -1 3 -1 5 2  - 311
1 2 -1 3 -1 7  - 316
1 2 -1 3 -1 9  - 371
1 2 -1 3 -1 10  - 341
1 2 -1 4  - 1841
1 2 -1 4 -1 2  - 996
1 2 -1 4 -1 2 -1 2  - 308
1 2 -1 4 -1 2 -1 4  - 449
1 2 -1 4 -1 2 -1 6  - 556
1 2 -1 4 -1 2 -1 6 -1 4  - 375
1 2 -1 4 -1 3  - 387
1 2 -1 4 -1 4  - 1132
1 2 -1 4 -1 4 -1 2  - 527
1 2 -1 4 -1 4 -1 4  - 532
1 2 -1 4 -1 4 -1 7  - 423
1 2 -1 4 -1 4 -1 7 2  - 374
1 2 -1 4 -1 4 -1 10  - 426
1 2 -1 4 -1 5  - 550
1 2 -1 4 -1 5 2  - 548
1 2 -1 4 -1 5 2 -1 4  - 364
1 2 -1 4 -1 5 2 -1 6  - 548
1 2 -1 4 -1 5 2 -1 6 -1 4  - 312
1 2 -1 4 -1 5 4  - 365
1 2 -1 4 -1 5 6  - 550
1 2 -1 4 -1 5 6 -1 4  - 313
1 2 -1 4 -1 6  - 561
1 2 -1 4 -1 6 -1 4  - 377
1 2 -1 4 -1 7  - 742
1 2 -1 4 -1 7 2  - 638
1 2 -1 4 -1 8  - 471
1 2 -1 4 -1 8 4  - 314
1 2 -1 4 -1 9  - 581
1 2 -1 4 -1 9 4  - 469
1 2 -1 4 -1 9 10  - 383
1 2 -1 4 -1 10  - 640
1 2 -1 4 -1 10 -1 2  - 379
1 2 -1 4 -1 10 -1 4  - 341
1 2 -1 4 -1 10 -1 10  - 310
1 2 -1 5  - 1467
1 2 -1 5 -1 2  - 663
1 2 -1 5 2  - 1457
1 2 -1 5 2 -1 -1 2  - 663
1 2 -1 5 2 -1 3  - 596
1 2 -1 5 2 -1 -1 4  - 673
1 2 -1 5 2 -1 4  - 894
1 2 -1 5 2 -1 4 -1 -1 2  - 406
1 2 -1 5 2 -1 4 -1 -1 4  - 347
1 2 -1 5 2 -1 4 -1 -1 7  - 465
1 2 -1 5 2 -1 4 -1 -1 7 2  - 365
1 2 -1 5 2 -1 6  - 1321
1 2 -1 5 2 -1 6 -1 -1 2  - 599
1 2 -1 5 2 -1 6 -1 3  - 483
1 2 -1 5 2 -1 6 -1 -1 4  - 639
1 2 -1 5 2 -1 6 -1 4  - 706
1 2 -1 5 2 -1 6 -1 4 -1 -1 2  - 322
1 2 -1 5 2 -1 6 -1 4 -1 -1 4  - 301
1 2 -1 5 2 -1 6 -1 -1 7  - 437
1 2 -1 5 2 -1 6 -1 -1 7 2  - 430
1 2 -1 5 2 -1 6 -1 -1 10  - 376
1 2 -1 5 2 -1 -1 7  - 589
1 2 -1 5 2 -1 -1 7 2  - 482
1 2 -1 5 2 -1 -1 10  - 388
1 2 -1 5 3  - 603
1 2 -1 5 -1 4  - 673
1 2 -1 5 4  - 898
1 2 -1 5 4 -1 -1 2  - 406
1 2 -1 5 4 -1 -1 4  - 347
1 2 -1 5 4 -1 -1 7  - 465
1 2 -1 5 4 -1 -1 7 2  - 365
1 2 -1 5 6  - 1331
1 2 -1 5 6 -1 -1 2  - 599
1 2 -1 5 6 -1 3  - 489
1 2 -1 5 6 -1 -1 4  - 639
1 2 -1 5 6 -1 4  - 710
1 2 -1 5 6 -1 4 -1 -1 2  - 322
1 2 -1 5 6 -1 4 -1 -1 4  - 301
1 2 -1 5 6 -1 -1 7  - 437
1 2 -1 5 6 -1 -1 7 2  - 430
1 2 -1 5 6 -1 -1 10  - 376
1 2 -1 5 -1 7  - 589
1 2 -1 5 -1 7 2  - 482
1 2 -1 5 -1 10  - 388
1 2 -1 6  - 1399
1 2 -1 6 -1 2  - 666
1 2 -1 6 -1 3  - 540
1 2 -1 6 -1 4  - 1038
1 2 -1 6 -1 4 -1 2  - 418
1 2 -1 6 -1 4 -1 4  - 491
1 2 -1 6 -1 4 -1 7  - 359
1 2 -1 6 -1 4 -1 7 2  - 349
1 2 -1 6 -1 4 -1 10  - 311
1 2 -1 6 -1 7  - 499
1 2 -1 6 -1 7 2  - 479
1 2 -1 6 -1 8  - 307
1 2 -1 6 -1 9  - 451
1 2 -1 6 -1 10  - 460
1 2 -1 6 -1 15  - 301
1 2 -1 7  - 1123
1 2 -1 7 2  - 1015
1 2 -1 7 -1 4  - 380
1 2 -1 8  - 1535
1 2 -1 8 -1 2  - 634
1 2 -1 8 2  - 1097
1 2 -1 8 2 -1 -1 2  - 378
1 2 -1 8 2 -1 3  - 354
1 2 -1 8 2 -1 -1 4  - 308
1 2 -1 8 2 -1 4  - 657
1 2 -1 8 2 -1 6  - 895
1 2 -1 8 2 -1 6 -1 -1 2  - 350
1 2 -1 8 2 -1 6 -1 3  - 314
1 2 -1 8 2 -1 6 -1 4  - 619
1 2 -1 8 3  - 389
1 2 -1 8 -1 4  - 680
1 2 -1 8 4  - 1114
1 2 -1 8 4 -1 -1 2  - 511
1 2 -1 8 4 -1 2  - 342
1 2 -1 8 4 -1 2 -1 6  - 301
1 2 -1 8 4 -1 -1 4  - 356
1 2 -1 8 4 -1 4  - 640
1 2 -1 8 4 -1 4 -1 -1 2  - 331
1 2 -1 8 4 -1 5  - 309
1 2 -1 8 4 -1 5 2  - 309
1 2 -1 8 4 -1 5 2 -1 6  - 301
1 2 -1 8 4 -1 5 6  - 301
1 2 -1 8 4 -1 6  - 304
1 2 -1 8 4 -1 -1 7  - 372
1 2 -1 8 4 -1 -1 7 2  - 368
1 2 -1 8 5  - 892
1 2 -1 8 5 -1 -1 2  - 354
1 2 -1 8 5 2  - 892
1 2 -1 8 5 2 -1 -1 -1 2  - 354
1 2 -1 8 5 2 -1 3  - 320
1 2 -1 8 5 2 -1 -1 4  - 345
1 2 -1 8 5 2 -1 4  - 489
1 2 -1 8 5 2 -1 6  - 892
1 2 -1 8 5 2 -1 6 -1 -1 -1 2  - 350
1 2 -1 8 5 2 -1 6 -1 3  - 302
1 2 -1 8 5 2 -1 6 -1 -1 4  - 331
1 2 -1 8 5 2 -1 6 -1 4  - 463
1 2 -1 8 5 3  - 320
1 2 -1 8 5 -1 4  - 345
1 2 -1 8 5 4  - 489
1 2 -1 8 5 6  - 892
1 2 -1 8 5 6 -1 -1 -1 2  - 350
1 2 -1 8 5 6 -1 3  - 302
1 2 -1 8 5 6 -1 -1 4  - 331
1 2 -1 8 5 6 -1 4  - 463
1 2 -1 8 6  - 897
1 2 -1 8 6 -1 -1 2  - 350
1 2 -1 8 6 -1 3  - 314
1 2 -1 8 6 -1 4  - 621
1 2 -1 8 -1 7  - 498
1 2 -1 8 -1 7 2  - 394
1 2 -1 8 7  - 359
1 2 -1 8 9  - 480
1 2 -1 8 -1 10  - 348
1 2 -1 8 10  - 626
1 2 -1 9  - 1413
1 2 -1 9 -1 2  - 655
1 2 -1 9 -1 2 -1 6  - 324
1 2 -1 9 2  - 827
1 2 -1 9 2 -1 4  - 517
1 2 -1 9 2 -1 6  - 463
1 2 -1 9 2 -1 6 -1 4  - 334
1 2 -1 9 3  - 366
1 2 -1 9 -1 4  - 600
1 2 -1 9 4  - 885
1 2 -1 9 4 -1 -1 2  - 450
1 2 -1 9 4 -1 -1 4  - 430
1 2 -1 9 4 -1 4  - 477
1 2 -1 9 4 -1 -1 10  - 329
1 2 -1 9 4 -1 10  - 521
1 2 -1 9 4 -1 10 -1 -1 2  - 309
1 2 -1 9 -1 5  - 340
1 2 -1 9 -1 5 2  - 336
1 2 -1 9 -1 5 2 -1 6  - 320
1 2 -1 9 -1 5 6  - 320
1 2 -1 9 5  - 462
1 2 -1 9 5 2  - 462
1 2 -1 9 5 2 -1 6  - 458
1 2 -1 9 5 6  - 458
1 2 -1 9 -1 6  - 324
1 2 -1 9 6  - 470
1 2 -1 9 6 -1 4  - 336
1 2 -1 9 -1 7  - 351
1 2 -1 9 -1 7 2  - 340
1 2 -1 9 7  - 464
1 2 -1 9 7 2  - 433
1 2 -1 9 8  - 421
1 2 -1 9 9  - 495
1 2 -1 9 9 4  - 377
1 2 -1 9 9 10  - 318
1 2 -1 9 -1 10  - 386
1 2 -1 9 10  - 721
1 2 -1 9 10 -1 -1 2  - 418
1 2 -1 9 10 -1 -1 4  - 343
1 2 -1 9 10 -1 -1 10  - 301
1 2 -1 10  - 954
1 2 -1 10 -1 2  - 602
1 2 -1 10 -1 2 -1 6  - 331
1 2 -1 10 -1 4  - 531
1 2 -1 10 -1 5  - 333
1 2 -1 10 -1 5 2  - 327
1 2 -1 10 -1 5 2 -1 6  - 327
1 2 -1 10 -1 5 6  - 329
1 2 -1 10 -1 6  - 334
1 2 -1 10 -1 7  - 338
1 2 -1 10 -1 7 2  - 314
1 2 -1 10 -1 9  - 328
1 2 -1 10 -1 10  - 424
1 2 -1 11  - 462
1 2 -1 11 12  - 300
1 2 -1 12  - 457
1 2 -1 12 4  - 303
1 2 -1 14  - 410
1 2 -1 15  - 521
1 3  - 1459
1 3 -1 2  - 647
1 3 -1 2 -1 6  - 343
1 3 -1 3  - 304
1 3 -1 4  - 947
1 3 -1 5  - 454
1 3 -1 5 2  - 417
1 3 -1 5 2 -1 6  - 343
1 3 -1 5 6  - 438
1 3 -1 6  - 438
1 3 -1 7  - 425
1 3 -1 7 2  - 366
1 3 -1 8  - 385
1 3 -1 9  - 501
1 3 -1 9 4  - 331
1 3 -1 10  - 461
1 4  - 2075
1 4 -1 2  - 1119
1 4 -1 2 -1 2  - 356
1 4 -1 2 -1 4  - 482
1 4 -1 2 -1 6  - 608
1 4 -1 2 -1 6 -1 4  - 392
1 4 -1 2 -1 7  - 318
1 4 -1 3  - 477
1 4 -1 4  - 1289
1 4 -1 4 -1 2  - 583
1 4 -1 4 -1 4  - 584
1 4 -1 4 -1 7  - 493
1 4 -1 4 -1 7 2  - 430
1 4 -1 4 -1 9  - 341
1 4 -1 4 -1 10  - 480
1 4 -1 5  - 726
1 4 -1 5 2  - 644
1 4 -1 5 2 -1 4  - 396
1 4 -1 5 2 -1 6  - 596
1 4 -1 5 2 -1 6 -1 4  - 328
1 4 -1 5 4  - 438
1 4 -1 5 6  - 726
1 4 -1 5 6 -1 4  - 386
1 4 -1 6  - 739
1 4 -1 6 -1 2  - 333
1 4 -1 6 -1 4  - 458
1 4 -1 7  - 860
1 4 -1 7 2  - 755
1 4 -1 8  - 564
1 4 -1 8 2  - 324
1 4 -1 8 4  - 337
1 4 -1 8 10  - 340
1 4 -1 9  - 712
1 4 -1 9 2  - 328
1 4 -1 9 4  - 518
1 4 -1 9 10  - 440
1 4 -1 10  - 775
1 4 -1 10 -1 2  - 424
1 4 -1 10 -1 4  - 348
1 4 -1 10 -1 7  - 320
1 4 -1 10 -1 10  - 316
1 4 -1 14  - 310
1 5  - 1711
1 5 -1 2  - 777
1 5 2  - 1463
1 5 2 -1 -1 2  - 663
1 5 2 -1 3  - 596
1 5 2 -1 -1 4  - 677
1 5 2 -1 4  - 895
1 5 2 -1 4 -1 -1 2  - 406
1 5 2 -1 4 -1 -1 4  - 347
1 5 2 -1 4 -1 -1 7  - 465
1 5 2 -1 4 -1 -1 7 2  - 365
1 5 2 -1 6  - 1369
1 5 2 -1 6 -1 -1 2  - 599
1 5 2 -1 6 -1 3  - 483
1 5 2 -1 6 -1 -1 4  - 639
1 5 2 -1 6 -1 4  - 722
1 5 2 -1 6 -1 4 -1 -1 2  - 322
1 5 2 -1 6 -1 4 -1 -1 4  - 301
1 5 2 -1 6 -1 -1 7  - 437
1 5 2 -1 6 -1 -1 7 2  - 430
1 5 2 -1 6 -1 -1 10  - 376
1 5 2 -1 -1 7  - 589
1 5 2 -1 -1 7 2  - 482
1 5 2 -1 9  - 317
1 5 2 -1 -1 10  - 388
1 5 3  - 761
1 5 3 -1 -1 2  - 373
1 5 3 -1 -1 4  - 341
1 5 3 -1 -1 7  - 361
1 5 3 -1 -1 7 2  - 318
1 5 -1 4  - 806
1 5 4  - 1030
1 5 4 -1 -1 2  - 511
1 5 4 -1 -1 4  - 433
1 5 4 -1 -1 7  - 518
1 5 4 -1 -1 7 2  - 470
1 5 4 -1 -1 10  - 356
1 5 -1 5  - 308
1 5 -1 5 2  - 304
1 5 6  - 1675
1 5 6 -1 -1 2  - 617
1 5 6 -1 3  - 599
1 5 6 -1 -1 4  - 740
1 5 6 -1 4  - 874
1 5 6 -1 4 -1 -1 2  - 331
1 5 6 -1 4 -1 -1 4  - 355
1 5 6 -1 4 -1 -1 7  - 346
1 5 6 -1 4 -1 -1 7 2  - 302
1 5 6 -1 -1 7  - 537
1 5 6 -1 -1 7 2  - 448
1 5 6 -1 9  - 352
1 5 6 -1 -1 10  - 442
1 5 -1 7  - 689
1 5 -1 7 2  - 596
1 5 -1 8  - 300
1 5 -1 9  - 363
1 5 9  - 420
1 5 -1 10  - 518
1 5 14  - 456
1 5 14 -1 6  - 306
1 6  - 1711
1 6 -1 2  - 746
1 6 -1 3  - 669
1 6 -1 4  - 1247
1 6 -1 4 -1 2  - 437
1 6 -1 4 -1 4  - 577
1 6 -1 4 -1 7  - 441
1 6 -1 4 -1 7 2  - 366
1 6 -1 4 -1 10  - 360
1 6 -1 7  - 667
1 6 -1 7 2  - 553
1 6 -1 8  - 391
1 6 -1 9  - 586
1 6 -1 10  - 586
1 6 -1 15  - 338
1 7  - 1302
1 7 2  - 1089
1 7 -1 4  - 403
1 8  - 1696
1 8 -1 2  - 650
1 8 2  - 1181
1 8 2 -1 -1 2  - 378
1 8 2 -1 3  - 360
1 8 2 -1 -1 4  - 313
1 8 2 -1 4  - 696
1 8 2 -1 6  - 945
1 8 2 -1 6 -1 -1 2  - 350
1 8 2 -1 6 -1 3  - 316
1 8 2 -1 6 -1 4  - 635
1 8 2 -1 10  - 332
1 8 3  - 559
1 8 -1 4  - 742
1 8 4  - 1334
1 8 4 -1 -1 2  - 527
1 8 4 -1 2  - 441
1 8 4 -1 2 -1 6  - 349
1 8 4 -1 -1 4  - 415
1 8 4 -1 4  - 768
1 8 4 -1 4 -1 -1 2  - 339
1 8 4 -1 4 -1 -1 7  - 322
1 8 4 -1 5  - 448
1 8 4 -1 5 2  - 405
1 8 4 -1 5 2 -1 6  - 349
1 8 4 -1 5 6  - 440
1 8 4 -1 6  - 444
1 8 4 -1 -1 7  - 449
1 8 4 -1 -1 7 2  - 384
1 8 4 -1 10  - 352
1 8 5  - 1092
1 8 5 -1 -1 2  - 370
1 8 5 2  - 992
1 8 5 2 -1 -1 -1 2  - 354
1 8 5 2 -1 3  - 320
1 8 5 2 -1 -1 4  - 349
1 8 5 2 -1 4  - 521
1 8 5 2 -1 6  - 940
1 8 5 2 -1 6 -1 -1 -1 2  - 350
1 8 5 2 -1 6 -1 3  - 302
1 8 5 2 -1 6 -1 -1 4  - 331
1 8 5 2 -1 6 -1 4  - 479
1 8 5 3  - 472
1 8 5 -1 4  - 431
1 8 5 4  - 647
1 8 5 6  - 1092
1 8 5 6 -1 -1 -1 2  - 366
1 8 5 6 -1 3  - 354
1 8 5 6 -1 -1 4  - 385
1 8 5 6 -1 4  - 553
1 8 5 6 -1 -1 -1 7  - 335
1 8 5 -1 -1 7  - 335
1 8 6  - 1098
1 8 6 -1 -1 2  - 366
1 8 6 -1 3  - 371
1 8 6 -1 4  - 733
1 8 6 -1 -1 7  - 335
1 8 -1 7  - 577
1 8 -1 7 2  - 410
1 8 7  - 377
1 8 7 2  - 341
1 8 8  - 356
1 8 9  - 580
1 8 9 4  - 330
1 8 -1 10  - 386
1 8 10  - 710
1 8 14  - 415
1 9  - 1617
1 9 -1 2  - 673
1 9 -1 2 -1 6  - 324
1 9 2  - 882
1 9 2 -1 4  - 533
1 9 2 -1 6  - 463
1 9 2 -1 6 -1 4  - 334
1 9 3  - 439
1 9 -1 4  - 636
1 9 4  - 988
1 9 4 -1 -1 2  - 463
1 9 4 -1 -1 4  - 443
1 9 4 -1 4  - 506
1 9 4 -1 -1 7  - 322
1 9 4 -1 -1 10  - 335
1 9 4 -1 10  - 565
1 9 4 -1 10 -1 -1 2  - 322
1 9 -1 5  - 356
1 9 -1 5 2  - 336
1 9 -1 5 2 -1 6  - 320
1 9 -1 5 6  - 336
1 9 5  - 523
1 9 5 2  - 462
1 9 5 2 -1 6  - 458
1 9 5 4  - 315
1 9 5 6  - 519
1 9 -1 6  - 340
1 9 6  - 535
1 9 6 -1 4  - 376
1 9 -1 7  - 433
1 9 -1 7 2  - 358
1 9 7  - 538
1 9 7 2  - 480
1 9 8  - 467
1 9 9  - 526
1 9 9 4  - 387
1 9 9 10  - 332
1 9 -1 10  - 404
1 9 10  - 827
1 9 10 -1 -1 2  - 436
1 9 10 -1 -1 4  - 354
1 9 10 -1 -1 7  - 321
1 9 10 -1 -1 10  - 312
1 10  - 1080
1 10 -1 2  - 635
1 10 -1 2 -1 6  - 333
1 10 -1 4  - 555
1 10 -1 5  - 360
1 10 -1 5 2  - 327
1 10 -1 5 2 -1 6  - 327
1 10 -1 5 6  - 356
1 10 -1 6  - 361
1 10 -1 7  - 423
1 10 -1 7 2  - 344
1 10 -1 9  - 342
1 10 -1 10  - 444
1 11  - 501
1 11 12  - 306
1 12  - 466
1 12 4  - 305
1 14  - 700
1 14 -1 2  - 334
1 14 -1 3  - 348
1 14 -1 4  - 495
1 14 -1 5  - 470
1 14 -1 5 6  - 470
1 14 -1 5 14  - 377
1 14 -1 5 14 -1 6  - 306
1 14 -1 6  - 473
1 14 -1 7  - 358
1 14 -1 8  - 328
1 14 -1 9  - 345
1 14 -1 14  - 466
1 14 -1 14 -1 6  - 354
1 15  - 584
5 2  - 1557
5 2 -1 3  - 660
5 2 -1 4  - 988
5 2 -1 4 -1 4  - 322
5 2 -1 6  - 1389
5 2 -1 6 -1 3  - 493
5 2 -1 6 -1 4  - 734
5 2 -1 9  - 354
5 3  - 825
5 4  - 1123
5 4 -1 4  - 361
5 6  - 1695
5 6 -1 3  - 609
5 6 -1 4  - 886
5 6 -1 9  - 352
5 9  - 457
5 14  - 456
5 14 -1 6  - 306
7 2  - 1156
7 14  - 474
8 2  - 1266
8 2 -1 3  - 373
8 2 -1 4  - 742
8 2 -1 6  - 946
8 2 -1 6 -1 3  - 316
8 2 -1 6 -1 4  - 635
8 2 -1 9  - 312
8 2 -1 10  - 388
8 3  - 584
8 4  - 1514
8 4 -1 2  - 458
8 4 -1 2 -1 6  - 349
8 4 -1 4  - 834
8 4 -1 5  - 452
8 4 -1 5 2  - 409
8 4 -1 5 2 -1 6  - 349
8 4 -1 5 6  - 440
8 4 -1 6  - 445
8 4 -1 10  - 456
8 5  - 1110
8 5 2  - 1010
8 5 2 -1 3  - 333
8 5 2 -1 -1 4  - 349
8 5 2 -1 4  - 539
8 5 2 -1 6  - 941
8 5 2 -1 6 -1 3  - 302
8 5 2 -1 6 -1 -1 4  - 331
8 5 2 -1 6 -1 4  - 479
8 5 3  - 485
8 5 -1 4  - 431
8 5 4  - 665
8 5 6  - 1093
8 5 6 -1 3  - 354
8 5 6 -1 -1 4  - 385
8 5 6 -1 4  - 553
8 6  - 1099
8 6 -1 3  - 371
8 6 -1 4  - 733
8 7  - 613
8 7 2  - 395
8 8  - 520
8 8 4  - 321
8 8 10  - 342
8 9  - 722
8 9 4  - 463
8 9 10  - 384
8 10  - 949
8 10 -1 2  - 305
8 10 -1 4  - 376
8 10 -1 10  - 377
8 14  - 599
9 2  - 930
9 2 -1 4  - 574
9 2 -1 6  - 465
9 2 -1 6 -1 4  - 334
9 3  - 493
9 4  - 1209
9 4 -1 4  - 583
9 4 -1 10  - 605
9 5  - 545
9 5 2  - 484
9 5 2 -1 4  - 306
9 5 2 -1 6  - 460
9 5 4  - 337
9 5 6  - 521
9 6  - 538
9 6 -1 4  - 377
9 7  - 662
9 7 2  - 498
9 7 -1 4  - 313
9 8  - 538
9 8 4  - 312
9 9  - 603
9 9 4  - 455
9 9 10  - 382
9 10  - 1003
9 10 -1 4  - 413
9 10 -1 10  - 309
9 14  - 342
11 2  - 319
11 12  - 320
12 4  - 311
F1 - 15 24
F2 - 57 225
F3 - 243 1166
F4 - 480 3786
F5 - 496 5274
F6 - 341 3865
F7 - 152 2168
F8 - 38 753
F9 - 4 128
F10 - 0 8
[ 1 24 15 0.00686407 0 ] [ 2 225 57 0.00810695 0 ] [ 3 1166 243 0.02494 0 ] [ 4 3786 480 0.082365 0 ] [ 5 5274 496 0.134063 0 ] [ 6 3865 341 0.113033 0 ] [ 7 2168 152 0.0684235 0 ] [ 8 753 38 0.0251188 0 ] [ 9 128 4 0.00351667 0 ] [ 10 8 0 9.29832e-05 0 ] [ SUM 17397 1826 0.466525 ] 0.487236
TIME = 0.487236
BrachIt = 115
