DBASE_NUM_TRANS : 2900
DBASE_MAXITEM : 24
MINSUPPORT : 400 (0)
0 - 1303
1 - 2468
2 - 2529
3 - 1557
4 - 2319
5 - 1805
6 - 1970
7 - 1607
8 - 1981
9 - 1866
10 - 1369
11 - 559
12 - 484
14 - 1154
15 - 584
0 0  - 595
0 0 1  - 400
0 0 2  - 462
0 0 -1 6  - 415
0 0 6  - 595
0 1  - 1060
0 1 -1 1  - 906
0 1 -1 1 2  - 822
0 1 -1 1 2 -1 2  - 731
0 1 -1 1 2 -1 2 -1 4  - 467
0 1 -1 1 2 -1 4  - 656
0 1 -1 1 2 -1 4 -1 7  - 421
0 1 -1 1 2 -1 5  - 490
0 1 -1 1 2 -1 5 2  - 488
0 1 -1 1 2 -1 7  - 565
0 1 -1 1 2 -1 7 2  - 465
0 1 -1 1 2 -1 8  - 479
0 1 -1 1 4  - 733
0 1 -1 1 4 -1 4  - 407
0 1 -1 1 4 -1 7  - 474
0 1 -1 1 5  - 538
0 1 -1 1 5 2  - 488
0 1 -1 1 5 6  - 402
0 1 -1 1 6  - 406
0 1 -1 1 7  - 643
0 1 -1 1 7 2  - 479
0 1 -1 1 8  - 528
0 1 -1 1 9  - 435
0 1 -1 2  - 858
0 1 -1 2 -1 2  - 731
0 1 -1 2 -1 2 -1 4  - 467
0 1 -1 2 -1 4  - 656
0 1 -1 2 -1 4 -1 7  - 421
0 1 -1 2 -1 5  - 490
0 1 -1 2 -1 5 2  - 488
0 1 -1 2 -1 6  - 409
0 1 -1 2 -1 7  - 565
0 1 -1 2 -1 7 2  - 513
0 1 -1 2 -1 8  - 479
0 1 -1 2 -1 9  - 444
0 1 2  - 931
0 1 2 -1 -1 1  - 816
0 1 2 -1 -1 1 2  - 807
0 1 2 -1 -1 1 2 -1 2  - 731
0 1 2 -1 -1 1 2 -1 2 -1 4  - 467
0 1 2 -1 -1 1 2 -1 4  - 656
0 1 2 -1 -1 1 2 -1 4 -1 7  - 421
0 1 2 -1 -1 1 2 -1 5  - 489
0 1 2 -1 -1 1 2 -1 5 2  - 488
0 1 2 -1 -1 1 2 -1 7  - 565
0 1 2 -1 -1 1 2 -1 7 2  - 465
0 1 2 -1 -1 1 2 -1 8  - 479
0 1 2 -1 -1 1 4  - 666
0 1 2 -1 -1 1 4 -1 7  - 421
0 1 2 -1 -1 1 5  - 496
0 1 2 -1 -1 1 5 2  - 488
0 1 2 -1 -1 1 7  - 565
0 1 2 -1 -1 1 7 2  - 465
0 1 2 -1 -1 1 8  - 485
0 1 2 -1 -1 2  - 807
0 1 2 -1 -1 2 -1 2  - 731
0 1 2 -1 -1 2 -1 2 -1 4  - 467
0 1 2 -1 -1 2 -1 4  - 656
0 1 2 -1 -1 2 -1 4 -1 7  - 421
0 1 2 -1 -1 2 -1 5  - 489
0 1 2 -1 -1 2 -1 5 2  - 488
0 1 2 -1 -1 2 -1 7  - 565
0 1 2 -1 -1 2 -1 7 2  - 465
0 1 2 -1 -1 2 -1 8  - 479
0 1 2 -1 2  - 849
0 1 2 -1 2 -1 4  - 516
0 1 2 -1 2 -1 6  - 472
0 1 2 -1 3  - 744
0 1 2 -1 3 -1 -1 1  - 578
0 1 2 -1 3 -1 -1 1 2  - 571
0 1 2 -1 3 -1 -1 1 2 -1 2  - 526
0 1 2 -1 3 -1 -1 1 2 -1 4  - 443
0 1 2 -1 3 -1 -1 1 4  - 451
0 1 2 -1 3 -1 -1 2  - 571
0 1 2 -1 3 -1 -1 2 -1 2  - 526
0 1 2 -1 3 -1 -1 2 -1 4  - 443
0 1 2 -1 3 -1 -1 4  - 451
0 1 2 -1 3 -1 4  - 504
0 1 2 -1 3 -1 4 -1 -1 1  - 441
0 1 2 -1 3 -1 4 -1 -1 1 2  - 434
0 1 2 -1 3 -1 4 -1 -1 1 2 -1 2  - 419
0 1 2 -1 3 -1 4 -1 -1 2  - 434
0 1 2 -1 3 -1 4 -1 -1 2 -1 2  - 419
0 1 2 -1 -1 4  - 666
0 1 2 -1 -1 4 -1 7  - 421
0 1 2 -1 4  - 796
0 1 2 -1 4 -1 -1 1  - 600
0 1 2 -1 4 -1 -1 1 2  - 593
0 1 2 -1 4 -1 -1 1 2 -1 2  - 564
0 1 2 -1 4 -1 -1 1 2 -1 4  - 525
0 1 2 -1 4 -1 -1 1 2 -1 5  - 419
0 1 2 -1 4 -1 -1 1 2 -1 5 2  - 418
0 1 2 -1 4 -1 -1 1 4  - 533
0 1 2 -1 4 -1 -1 1 5  - 426
0 1 2 -1 4 -1 -1 1 5 2  - 418
0 1 2 -1 4 -1 -1 2  - 593
0 1 2 -1 4 -1 -1 2 -1 2  - 564
0 1 2 -1 4 -1 -1 2 -1 4  - 525
0 1 2 -1 4 -1 -1 2 -1 5  - 419
0 1 2 -1 4 -1 -1 2 -1 5 2  - 418
0 1 2 -1 4 -1 2  - 448
0 1 2 -1 4 -1 -1 4  - 565
0 1 2 -1 4 -1 4  - 470
0 1 2 -1 4 -1 -1 5  - 426
0 1 2 -1 4 -1 -1 5 2  - 418
0 1 2 -1 4 -1 -1 7  - 462
0 1 2 -1 4 -1 7  - 421
0 1 2 -1 -1 5  - 496
0 1 2 -1 -1 5 2  - 488
0 1 2 -1 5  - 610
0 1 2 -1 5 2  - 608
0 1 2 -1 5 2 -1 6  - 472
0 1 2 -1 5 6  - 474
0 1 2 -1 6  - 537
0 1 2 -1 -1 7  - 565
0 1 2 -1 -1 7 2  - 465
0 1 2 -1 7  - 588
0 1 2 -1 7 2  - 521
0 1 2 -1 -1 8  - 485
0 1 2 -1 8  - 614
0 1 2 -1 8 4  - 441
0 1 2 -1 9  - 581
0 1 3  - 887
0 1 3 -1 -1 1  - 737
0 1 3 -1 -1 1 2  - 673
0 1 3 -1 -1 1 2 -1 2  - 622
0 1 3 -1 -1 1 2 -1 4  - 539
0 1 3 -1 -1 1 2 -1 5  - 417
0 1 3 -1 -1 1 2 -1 5 2  - 415
0 1 3 -1 -1 1 2 -1 7  - 487
0 1 3 -1 -1 1 2 -1 8  - 429
0 1 3 -1 -1 1 4  - 591
0 1 3 -1 -1 1 4 -1 7  - 411
0 1 3 -1 -1 1 5  - 443
0 1 3 -1 -1 1 5 2  - 415
0 1 3 -1 -1 1 7  - 541
0 1 3 -1 -1 1 8  - 460
0 1 3 -1 -1 2  - 705
0 1 3 -1 -1 2 -1 2  - 622
0 1 3 -1 -1 2 -1 4  - 539
0 1 3 -1 -1 2 -1 5  - 417
0 1 3 -1 -1 2 -1 5 2  - 415
0 1 3 -1 -1 2 -1 7  - 487
0 1 3 -1 -1 2 -1 7 2  - 435
0 1 3 -1 -1 2 -1 8  - 429
0 1 3 -1 -1 4  - 591
0 1 3 -1 -1 4 -1 2  - 407
0 1 3 -1 -1 4 -1 7  - 411
0 1 3 -1 4  - 661
0 1 3 -1 4 -1 -1 1  - 579
0 1 3 -1 4 -1 -1 1 2  - 536
0 1 3 -1 4 -1 -1 1 2 -1 2  - 515
0 1 3 -1 4 -1 -1 1 2 -1 4  - 476
0 1 3 -1 4 -1 -1 1 2 -1 5  - 402
0 1 3 -1 4 -1 -1 1 2 -1 5 2  - 400
0 1 3 -1 4 -1 -1 1 4  - 523
0 1 3 -1 4 -1 -1 1 5  - 428
0 1 3 -1 4 -1 -1 1 5 2  - 400
0 1 3 -1 4 -1 -1 1 7  - 422
0 1 3 -1 4 -1 -1 1 8  - 401
0 1 3 -1 4 -1 -1 2  - 552
0 1 3 -1 4 -1 -1 2 -1 2  - 515
0 1 3 -1 4 -1 -1 2 -1 4  - 476
0 1 3 -1 4 -1 -1 2 -1 5  - 402
0 1 3 -1 4 -1 -1 2 -1 5 2  - 400
0 1 3 -1 4 -1 -1 4  - 523
0 1 3 -1 4 -1 -1 5  - 428
0 1 3 -1 4 -1 -1 5 2  - 400
0 1 3 -1 4 -1 -1 6  - 413
0 1 3 -1 4 -1 -1 7  - 422
0 1 3 -1 4 -1 -1 8  - 401
0 1 3 -1 -1 5  - 443
0 1 3 -1 -1 5 2  - 415
0 1 3 -1 -1 5 6  - 403
0 1 3 -1 -1 6  - 452
0 1 3 -1 -1 7  - 541
0 1 3 -1 -1 7 2  - 488
0 1 3 -1 -1 8  - 460
0 1 3 -1 -1 9  - 462
0 1 -1 4  - 733
0 1 -1 4 -1 2  - 461
0 1 -1 4 -1 4  - 440
0 1 -1 4 -1 7  - 474
0 1 4  - 915
0 1 4 -1 -1 1  - 733
0 1 4 -1 -1 1 2  - 672
0 1 4 -1 -1 1 2 -1 2  - 628
0 1 4 -1 -1 1 2 -1 2 -1 4  - 453
0 1 4 -1 -1 1 2 -1 4  - 589
0 1 4 -1 -1 1 2 -1 4 -1 7  - 408
0 1 4 -1 -1 1 2 -1 5  - 484
0 1 4 -1 -1 1 2 -1 5 2  - 482
0 1 4 -1 -1 1 2 -1 7  - 462
0 1 4 -1 -1 1 2 -1 8  - 433
0 1 4 -1 -1 1 4  - 661
0 1 4 -1 -1 1 4 -1 7  - 458
0 1 4 -1 -1 1 5  - 532
0 1 4 -1 -1 1 5 2  - 482
0 1 4 -1 -1 1 6  - 400
0 1 4 -1 -1 1 7  - 517
0 1 4 -1 -1 1 8  - 477
0 1 4 -1 -1 2  - 695
0 1 4 -1 -1 2 -1 2  - 628
0 1 4 -1 -1 2 -1 2 -1 4  - 453
0 1 4 -1 -1 2 -1 4  - 589
0 1 4 -1 -1 2 -1 4 -1 7  - 408
0 1 4 -1 -1 2 -1 5  - 484
0 1 4 -1 -1 2 -1 5 2  - 482
0 1 4 -1 -1 2 -1 7  - 462
0 1 4 -1 -1 2 -1 7 2  - 410
0 1 4 -1 -1 2 -1 8  - 433
0 1 4 -1 2  - 562
0 1 4 -1 -1 4  - 661
0 1 4 -1 -1 4 -1 2  - 443
0 1 4 -1 -1 4 -1 4  - 429
0 1 4 -1 -1 4 -1 7  - 458
0 1 4 -1 4  - 581
0 1 4 -1 -1 5  - 532
0 1 4 -1 -1 5 2  - 482
0 1 4 -1 -1 5 6  - 492
0 1 4 -1 -1 6  - 531
0 1 4 -1 -1 6 -1 4  - 408
0 1 4 -1 -1 7  - 517
0 1 4 -1 -1 7 2  - 472
0 1 4 -1 7  - 476
0 1 4 -1 7 2  - 433
0 1 4 -1 -1 8  - 477
0 1 4 -1 -1 9  - 448
0 1 -1 5  - 538
0 1 -1 5 2  - 488
0 1 -1 5 2 -1 6  - 400
0 1 -1 5 6  - 498
0 1 5  - 712
0 1 5 2  - 608
0 1 5 2 -1 6  - 520
0 1 5 3  - 419
0 1 5 4  - 436
0 1 5 6  - 676
0 1 -1 6  - 558
0 1 -1 6 -1 4  - 413
0 1 6  - 695
0 1 6 -1 4  - 458
0 1 -1 7  - 643
0 1 -1 7 2  - 575
0 1 7  - 671
0 1 7 2  - 589
0 1 -1 8  - 528
0 1 8  - 696
0 1 8 2  - 445
0 1 8 4  - 588
0 1 8 5  - 436
0 1 8 5 6  - 436
0 1 8 6  - 436
0 1 -1 9  - 531
0 1 9  - 693
0 1 9 2  - 406
0 1 9 4  - 412
0 1 15  - 435
0 2  - 1163
0 2 -1 1  - 880
0 2 -1 1 2  - 807
0 2 -1 1 2 -1 2  - 731
0 2 -1 1 2 -1 2 -1 4  - 467
0 2 -1 1 2 -1 4  - 656
0 2 -1 1 2 -1 4 -1 7  - 421
0 2 -1 1 2 -1 5  - 489
0 2 -1 1 2 -1 5 2  - 488
0 2 -1 1 2 -1 7  - 565
0 2 -1 1 2 -1 7 2  - 465
0 2 -1 1 2 -1 8  - 479
0 2 -1 1 4  - 716
0 2 -1 1 4 -1 4  - 408
0 2 -1 1 4 -1 7  - 426
0 2 -1 1 5  - 550
0 2 -1 1 5 2  - 488
0 2 -1 1 5 6  - 414
0 2 -1 1 6  - 431
0 2 -1 1 7  - 575
0 2 -1 1 7 2  - 465
0 2 -1 1 8  - 512
0 2 -1 1 9  - 411
0 2 -1 2  - 907
0 2 -1 2 -1 2  - 749
0 2 -1 2 -1 2 -1 2  - 435
0 2 -1 2 -1 2 -1 4  - 485
0 2 -1 2 -1 4  - 700
0 2 -1 2 -1 4 -1 2  - 424
0 2 -1 2 -1 4 -1 4  - 424
0 2 -1 2 -1 4 -1 7  - 434
0 2 -1 2 -1 5  - 489
0 2 -1 2 -1 5 2  - 488
0 2 -1 2 -1 6  - 480
0 2 -1 2 -1 7  - 565
0 2 -1 2 -1 7 2  - 465
0 2 -1 2 -1 8  - 479
0 2 -1 3  - 775
0 2 -1 3 -1 1  - 588
0 2 -1 3 -1 1 2  - 571
0 2 -1 3 -1 1 2 -1 2  - 526
0 2 -1 3 -1 1 2 -1 4  - 443
0 2 -1 3 -1 1 4  - 456
0 2 -1 3 -1 1 7  - 401
0 2 -1 3 -1 2  - 671
0 2 -1 3 -1 2 -1 2  - 532
0 2 -1 3 -1 2 -1 4  - 481
0 2 -1 3 -1 4  - 583
0 2 -1 3 -1 4 -1 1  - 446
0 2 -1 3 -1 4 -1 1 2  - 434
0 2 -1 3 -1 4 -1 1 2 -1 2  - 419
0 2 -1 3 -1 4 -1 2  - 471
0 2 -1 3 -1 4 -1 2 -1 2  - 423
0 2 -1 3 -1 4 -1 4  - 440
0 2 -1 3 -1 5  - 408
0 2 -1 3 -1 5 2  - 400
0 2 -1 3 -1 7  - 468
0 2 -1 3 -1 7 2  - 406
0 2 -1 3 -1 9  - 402
0 2 -1 4  - 848
0 2 -1 4 -1 1  - 605
0 2 -1 4 -1 1 2  - 593
0 2 -1 4 -1 1 2 -1 2  - 564
0 2 -1 4 -1 1 2 -1 4  - 525
0 2 -1 4 -1 1 2 -1 5  - 419
0 2 -1 4 -1 1 2 -1 5 2  - 418
0 2 -1 4 -1 1 4  - 538
0 2 -1 4 -1 1 5  - 426
0 2 -1 4 -1 1 5 2  - 418
0 2 -1 4 -1 1 7  - 403
0 2 -1 4 -1 2  - 645
0 2 -1 4 -1 2 -1 2  - 570
0 2 -1 4 -1 2 -1 4  - 543
0 2 -1 4 -1 2 -1 5  - 419
0 2 -1 4 -1 2 -1 5 2  - 418
0 2 -1 4 -1 2 -1 6  - 403
0 2 -1 4 -1 2 -1 7  - 401
0 2 -1 4 -1 4  - 667
0 2 -1 4 -1 4 -1 2  - 421
0 2 -1 4 -1 4 -1 7  - 404
0 2 -1 4 -1 5  - 484
0 2 -1 4 -1 5 2  - 471
0 2 -1 4 -1 5 6  - 412
0 2 -1 4 -1 6  - 424
0 2 -1 4 -1 7  - 480
0 2 -1 5  - 671
0 2 -1 5 2  - 608
0 2 -1 5 2 -1 6  - 472
0 2 -1 5 4  - 407
0 2 -1 5 6  - 535
0 2 -1 6  - 746
0 2 -1 6 -1 4  - 466
0 2 -1 6 -1 6  - 431
0 2 -1 7  - 598
0 2 -1 7 2  - 521
0 2 -1 8  - 647
0 2 -1 8 4  - 465
0 2 -1 9  - 604
0 2 -1 15  - 414
0 3  - 904
0 3 -1 1  - 737
0 3 -1 1 2  - 673
0 3 -1 1 2 -1 2  - 622
0 3 -1 1 2 -1 4  - 539
0 3 -1 1 2 -1 5  - 417
0 3 -1 1 2 -1 5 2  - 415
0 3 -1 1 2 -1 7  - 487
0 3 -1 1 2 -1 8  - 429
0 3 -1 1 4  - 591
0 3 -1 1 4 -1 7  - 411
0 3 -1 1 5  - 443
0 3 -1 1 5 2  - 415
0 3 -1 1 7  - 541
0 3 -1 1 8  - 460
0 3 -1 2  - 809
0 3 -1 2 -1 2  - 628
0 3 -1 2 -1 2 -1 4  - 401
0 3 -1 2 -1 4  - 577
0 3 -1 2 -1 5  - 417
0 3 -1 2 -1 5 2  - 415
0 3 -1 2 -1 6  - 415
0 3 -1 2 -1 7  - 487
0 3 -1 2 -1 7 2  - 435
0 3 -1 2 -1 8  - 430
0 3 -1 2 -1 9  - 400
0 3 -1 4  - 730
0 3 -1 4 -1 1  - 579
0 3 -1 4 -1 1 2  - 536
0 3 -1 4 -1 1 2 -1 2  - 515
0 3 -1 4 -1 1 2 -1 4  - 476
0 3 -1 4 -1 1 2 -1 5  - 402
0 3 -1 4 -1 1 2 -1 5 2  - 400
0 3 -1 4 -1 1 4  - 523
0 3 -1 4 -1 1 5  - 428
0 3 -1 4 -1 1 5 2  - 400
0 3 -1 4 -1 1 7  - 422
0 3 -1 4 -1 1 8  - 401
0 3 -1 4 -1 2  - 596
0 3 -1 4 -1 2 -1 2  - 519
0 3 -1 4 -1 2 -1 4  - 487
0 3 -1 4 -1 2 -1 5  - 402
0 3 -1 4 -1 2 -1 5 2  - 400
0 3 -1 4 -1 4  - 576
0 3 -1 4 -1 4 -1 2  - 412
0 3 -1 4 -1 4 -1 7  - 412
0 3 -1 4 -1 5  - 448
0 3 -1 4 -1 5 2  - 420
0 3 -1 4 -1 5 6  - 408
0 3 -1 4 -1 6  - 438
0 3 -1 4 -1 7  - 448
0 3 -1 4 -1 7 2  - 411
0 3 -1 4 -1 8  - 405
0 3 -1 5  - 524
0 3 -1 5 2  - 496
0 3 -1 5 2 -1 6  - 406
0 3 -1 5 6  - 486
0 3 -1 6  - 529
0 3 -1 7  - 570
0 3 -1 7 2  - 515
0 3 -1 8  - 518
0 3 -1 8 4  - 413
0 3 -1 9  - 527
0 4  - 1017
0 4 -1 1  - 733
0 4 -1 1 2  - 672
0 4 -1 1 2 -1 2  - 628
0 4 -1 1 2 -1 2 -1 4  - 453
0 4 -1 1 2 -1 4  - 589
0 4 -1 1 2 -1 4 -1 7  - 408
0 4 -1 1 2 -1 5  - 484
0 4 -1 1 2 -1 5 2  - 482
0 4 -1 1 2 -1 7  - 462
0 4 -1 1 2 -1 8  - 433
0 4 -1 1 4  - 661
0 4 -1 1 4 -1 7  - 458
0 4 -1 1 5  - 532
0 4 -1 1 5 2  - 482
0 4 -1 1 6  - 400
0 4 -1 1 7  - 517
0 4 -1 1 8  - 477
0 4 -1 2  - 750
0 4 -1 2 -1 2  - 634
0 4 -1 2 -1 2 -1 4  - 456
0 4 -1 2 -1 4  - 609
0 4 -1 2 -1 4 -1 7  - 413
0 4 -1 2 -1 5  - 484
0 4 -1 2 -1 5 2  - 482
0 4 -1 2 -1 6  - 454
0 4 -1 2 -1 7  - 465
0 4 -1 2 -1 7 2  - 413
0 4 -1 2 -1 8  - 433
0 4 -1 4  - 850
0 4 -1 4 -1 2  - 522
0 4 -1 4 -1 4  - 510
0 4 -1 4 -1 7  - 489
0 4 -1 5  - 590
0 4 -1 5 2  - 535
0 4 -1 5 2 -1 6  - 447
0 4 -1 5 6  - 550
0 4 -1 6  - 589
0 4 -1 6 -1 2  - 401
0 4 -1 6 -1 4  - 447
0 4 -1 7  - 535
0 4 -1 7 2  - 487
0 4 -1 8  - 486
0 4 -1 9  - 482
0 5  - 712
0 5 -1 2  - 420
0 5 2  - 608
0 5 2 -1 -1 2  - 408
0 5 2 -1 6  - 520
0 5 3  - 419
0 5 -1 4  - 446
0 5 4  - 436
0 5 6  - 676
0 5 6 -1 -1 4  - 412
0 6  - 951
0 6 -1 1  - 578
0 6 -1 1 2  - 519
0 6 -1 1 2 -1 2  - 490
0 6 -1 1 2 -1 4  - 427
0 6 -1 1 2 -1 5  - 408
0 6 -1 1 2 -1 5 2  - 408
0 6 -1 1 4  - 492
0 6 -1 1 5  - 467
0 6 -1 1 5 2  - 408
0 6 -1 2  - 630
0 6 -1 2 -1 2  - 490
0 6 -1 2 -1 4  - 463
0 6 -1 2 -1 5  - 408
0 6 -1 2 -1 5 2  - 408
0 6 -1 3  - 438
0 6 -1 4  - 618
0 6 -1 4 -1 4  - 408
0 6 -1 5  - 497
0 6 -1 5 2  - 438
0 6 -1 6  - 572
0 6 -1 8  - 428
0 7  - 671
0 7 2  - 589
0 8  - 701
0 8 -1 2  - 460
0 8 2  - 445
0 8 -1 4  - 420
0 8 4  - 593
0 8 4 -1 -1 2  - 408
0 8 5  - 436
0 8 5 6  - 436
0 8 6  - 436
0 9  - 707
0 9 -1 2  - 437
0 9 2  - 407
0 9 4  - 418
0 14  - 450
0 14 -1 6  - 409
0 15  - 435
1 2  - 2197
1 2 -1 2  - 1919
1 2 -1 2 -1 2  - 790
1 2 -1 2 -1 3  - 671
1 2 -1 2 -1 4  - 1330
1 2 -1 2 -1 4 -1 2  - 498
1 2 -1 2 -1 4 -1 4  - 719
1 2 -1 2 -1 4 -1 7  - 515
1 2 -1 2 -1 4 -1 7 2  - 413
1 2 -1 2 -1 4 -1 10  - 469
1 2 -1 2 -1 6  - 1323
1 2 -1 2 -1 6 -1 2  - 602
1 2 -1 2 -1 6 -1 3  - 534
1 2 -1 2 -1 6 -1 4  - 1010
1 2 -1 2 -1 6 -1 4 -1 2  - 418
1 2 -1 2 -1 6 -1 4 -1 4  - 489
1 2 -1 2 -1 6 -1 7  - 451
1 2 -1 2 -1 6 -1 7 2  - 431
1 2 -1 2 -1 6 -1 10  - 424
1 2 -1 2 -1 7  - 618
1 2 -1 2 -1 7 2  - 494
1 2 -1 2 -1 8  - 533
1 2 -1 2 -1 9  - 607
1 2 -1 2 -1 10  - 615
1 2 -1 3  - 1216
1 2 -1 3 -1 2  - 532
1 2 -1 3 -1 4  - 750
1 2 -1 4  - 1841
1 2 -1 4 -1 2  - 996
1 2 -1 4 -1 2 -1 4  - 449
1 2 -1 4 -1 2 -1 6  - 556
1 2 -1 4 -1 4  - 1132
1 2 -1 4 -1 4 -1 2  - 527
1 2 -1 4 -1 4 -1 4  - 532
1 2 -1 4 -1 4 -1 7  - 423
1 2 -1 4 -1 4 -1 10  - 426
1 2 -1 4 -1 5  - 550
1 2 -1 4 -1 5 2  - 548
1 2 -1 4 -1 5 2 -1 6  - 548
1 2 -1 4 -1 5 6  - 550
1 2 -1 4 -1 6  - 561
1 2 -1 4 -1 7  - 742
1 2 -1 4 -1 7 2  - 638
1 2 -1 4 -1 8  - 471
1 2 -1 4 -1 9  - 581
1 2 -1 4 -1 9 4  - 469
1 2 -1 4 -1 10  - 640
1 2 -1 5  - 1467
1 2 -1 5 -1 2  - 663
1 2 -1 5 2  - 1457
1 2 -1 5 2 -1 -1 2  - 663
1 2 -1 5 2 -1 3  - 596
1 2 -1 5 2 -1 -1 4  - 673
1 2 -1 5 2 -1 4  - 894
1 2 -1 5 2 -1 4 -1 -1 2  - 406
1 2 -1 5 2 -1 4 -1 -1 7  - 465
1 2 -1 5 2 -1 6  - 1321
1 2 -1 5 2 -1 6 -1 -1 2  - 599
1 2 -1 5 2 -1 6 -1 3  - 483
1 2 -1 5 2 -1 6 -1 -1 4  - 639
1 2 -1 5 2 -1 6 -1 4  - 706
1 2 -1 5 2 -1 6 -1 -1 7  - 437
1 2 -1 5 2 -1 6 -1 -1 7 2  - 430
1 2 -1 5 2 -1 -1 7  - 589
1 2 -1 5 2 -1 -1 7 2  - 482
1 2 -1 5 3  - 603
1 2 -1 5 -1 4  - 673
1 2 -1 5 4  - 898
1 2 -1 5 4 -1 -1 2  - 406
1 2 -1 5 4 -1 -1 7  - 465
1 2 -1 5 6  - 1331
1 2 -1 5 6 -1 -1 2  - 599
1 2 -1 5 6 -1 3  - 489
1 2 -1 5 6 -1 -1 4  - 639
1 2 -1 5 6 -1 4  - 710
1 2 -1 5 6 -1 -1 7  - 437
1 2 -1 5 6 -1 -1 7 2  - 430
1 2 -1 5 -1 7  - 589
1 2 -1 5 -1 7 2  - 482
1 2 -1 6  - 1399
1 2 -1 6 -1 2  - 666
1 2 -1 6 -1 3  - 540
1 2 -1 6 -1 4  - 1038
1 2 -1 6 -1 4 -1 2  - 418
1 2 -1 6 -1 4 -1 4  - 491
1 2 -1 6 -1 7  - 499
1 2 -1 6 -1 7 2  - 479
1 2 -1 6 -1 9  - 451
1 2 -1 6 -1 10  - 460
1 2 -1 7  - 1123
1 2 -1 7 2  - 1015
1 2 -1 8  - 1535
1 2 -1 8 -1 2  - 634
1 2 -1 8 2  - 1097
1 2 -1 8 2 -1 4  - 657
1 2 -1 8 2 -1 6  - 895
1 2 -1 8 2 -1 6 -1 4  - 619
1 2 -1 8 -1 4  - 680
1 2 -1 8 4  - 1114
1 2 -1 8 4 -1 -1 2  - 511
1 2 -1 8 4 -1 4  - 640
1 2 -1 8 5  - 892
1 2 -1 8 5 2  - 892
1 2 -1 8 5 2 -1 4  - 489
1 2 -1 8 5 2 -1 6  - 892
1 2 -1 8 5 2 -1 6 -1 4  - 463
1 2 -1 8 5 4  - 489
1 2 -1 8 5 6  - 892
1 2 -1 8 5 6 -1 4  - 463
1 2 -1 8 6  - 897
1 2 -1 8 6 -1 4  - 621
1 2 -1 8 -1 7  - 498
1 2 -1 8 9  - 480
1 2 -1 8 10  - 626
1 2 -1 9  - 1413
1 2 -1 9 -1 2  - 655
1 2 -1 9 2  - 827
1 2 -1 9 2 -1 4  - 517
1 2 -1 9 2 -1 6  - 463
1 2 -1 9 -1 4  - 600
1 2 -1 9 4  - 885
1 2 -1 9 4 -1 -1 2  - 450
1 2 -1 9 4 -1 -1 4  - 430
1 2 -1 9 4 -1 4  - 477
1 2 -1 9 4 -1 10  - 521
1 2 -1 9 5  - 462
1 2 -1 9 5 2  - 462
1 2 -1 9 5 2 -1 6  - 458
1 2 -1 9 5 6  - 458
1 2 -1 9 6  - 470
1 2 -1 9 7  - 464
1 2 -1 9 7 2  - 433
1 2 -1 9 8  - 421
1 2 -1 9 9  - 495
1 2 -1 9 10  - 721
1 2 -1 9 10 -1 -1 2  - 418
1 2 -1 10  - 954
1 2 -1 10 -1 2  - 602
1 2 -1 10 -1 4  - 531
1 2 -1 10 -1 10  - 424
1 2 -1 11  - 462
1 2 -1 12  - 457
1 2 -1 14  - 410
1 2 -1 15  - 521
1 3  - 1459
1 3 -1 2  - 647
1 3 -1 4  - 947
1 3 -1 5  - 454
1 3 -1 5 2  - 417
1 3 -1 5 6  - 438
1 3 -1 6  - 438
1 3 -1 7  - 425
1 3 -1 9  - 501
1 3 -1 10  - 461
1 4  - 2075
1 4 -1 2  - 1119
1 4 -1 2 -1 4  - 482
1 4 -1 2 -1 6  - 608
1 4 -1 3  - 477
1 4 -1 4  - 1289
1 4 -1 4 -1 2  - 583
1 4 -1 4 -1 4  - 584
1 4 -1 4 -1 7  - 493
1 4 -1 4 -1 7 2  - 430
1 4 -1 4 -1 10  - 480
1 4 -1 5  - 726
1 4 -1 5 2  - 644
1 4 -1 5 2 -1 6  - 596
1 4 -1 5 4  - 438
1 4 -1 5 6  - 726
1 4 -1 6  - 739
1 4 -1 6 -1 4  - 458
1 4 -1 7  - 860
1 4 -1 7 2  - 755
1 4 -1 8  - 564
1 4 -1 9  - 712
1 4 -1 9 4  - 518
1 4 -1 9 10  - 440
1 4 -1 10  - 775
1 4 -1 10 -1 2  - 424
1 5  - 1711
1 5 -1 2  - 777
1 5 2  - 1463
1 5 2 -1 -1 2  - 663
1 5 2 -1 3  - 596
1 5 2 -1 -1 4  - 677
1 5 2 -1 4  - 895
1 5 2 -1 4 -1 -1 2  - 406
1 5 2 -1 4 -1 -1 7  - 465
1 5 2 -1 6  - 1369
1 5 2 -1 6 -1 -1 2  - 599
1 5 2 -1 6 -1 3  - 483
1 5 2 -1 6 -1 -1 4  - 639
1 5 2 -1 6 -1 4  - 722
1 5 2 -1 6 -1 -1 7  - 437
1 5 2 -1 6 -1 -1 7 2  - 430
1 5 2 -1 -1 7  - 589
1 5 2 -1 -1 7 2  - 482
1 5 3  - 761
1 5 -1 4  - 806
1 5 4  - 1030
1 5 4 -1 -1 2  - 511
1 5 4 -1 -1 4  - 433
1 5 4 -1 -1 7  - 518
1 5 4 -1 -1 7 2  - 470
1 5 6  - 1675
1 5 6 -1 -1 2  - 617
1 5 6 -1 3  - 599
1 5 6 -1 -1 4  - 740
1 5 6 -1 4  - 874
1 5 6 -1 -1 7  - 537
1 5 6 -1 -1 7 2  - 448
1 5 6 -1 -1 10  - 442
1 5 -1 7  - 689
1 5 -1 7 2  - 596
1 5 9  - 420
1 5 -1 10  - 518
1 5 14  - 456
1 6  - 1711
1 6 -1 2  - 746
1 6 -1 3  - 669
1 6 -1 4  - 1247
1 6 -1 4 -1 2  - 437
1 6 -1 4 -1 4  - 577
1 6 -1 4 -1 7  - 441
1 6 -1 7  - 667
1 6 -1 7 2  - 553
1 6 -1 9  - 586
1 6 -1 10  - 586
1 7  - 1302
1 7 2  - 1089
1 7 -1 4  - 403
1 8  - 1696
1 8 -1 2  - 650
1 8 2  - 1181
1 8 2 -1 4  - 696
1 8 2 -1 6  - 945
1 8 2 -1 6 -1 4  - 635
1 8 3  - 559
1 8 -1 4  - 742
1 8 4  - 1334
1 8 4 -1 -1 2  - 527
1 8 4 -1 2  - 441
1 8 4 -1 -1 4  - 415
1 8 4 -1 4  - 768
1 8 4 -1 5  - 448
1 8 4 -1 5 2  - 405
1 8 4 -1 5 6  - 440
1 8 4 -1 6  - 444
1 8 4 -1 -1 7  - 449
1 8 5  - 1092
1 8 5 2  - 992
1 8 5 2 -1 4  - 521
1 8 5 2 -1 6  - 940
1 8 5 2 -1 6 -1 4  - 479
1 8 5 3  - 472
1 8 5 -1 4  - 431
1 8 5 4  - 647
1 8 5 6  - 1092
1 8 5 6 -1 4  - 553
1 8 6  - 1098
1 8 6 -1 4  - 733
1 8 -1 7  - 577
1 8 -1 7 2  - 410
1 8 9  - 580
1 8 10  - 710
1 8 14  - 415
1 9  - 1617
1 9 -1 2  - 673
1 9 2  - 882
1 9 2 -1 4  - 533
1 9 2 -1 6  - 463
1 9 3  - 439
1 9 -1 4  - 636
1 9 4  - 988
1 9 4 -1 -1 2  - 463
1 9 4 -1 -1 4  - 443
1 9 4 -1 4  - 506
1 9 4 -1 10  - 565
1 9 5  - 523
1 9 5 2  - 462
1 9 5 2 -1 6  - 458
1 9 5 6  - 519
1 9 6  - 535
1 9 -1 7  - 433
1 9 7  - 538
1 9 7 2  - 480
1 9 8  - 467
1 9 9  - 526
1 9 -1 10  - 404
1 9 10  - 827
1 9 10 -1 -1 2  - 436
1 10  - 1080
1 10 -1 2  - 635
1 10 -1 4  - 555
1 10 -1 7  - 423
1 10 -1 10  - 444
1 11  - 501
1 12  - 466
1 14  - 700
1 14 -1 4  - 495
1 14 -1 5  - 470
1 14 -1 5 6  - 470
1 14 -1 6  - 473
1 14 -1 14  - 466
1 15  - 584
5 2  - 1557
5 2 -1 3  - 660
5 2 -1 4  - 988
5 2 -1 6  - 1389
5 2 -1 6 -1 3  - 493
5 2 -1 6 -1 4  - 734
5 3  - 825
5 4  - 1123
5 6  - 1695
5 6 -1 3  - 609
5 6 -1 4  - 886
5 9  - 457
5 14  - 456
7 2  - 1156
7 14  - 474
8 2  - 1266
8 2 -1 4  - 742
8 2 -1 6  - 946
8 2 -1 6 -1 4  - 635
8 3  - 584
8 4  - 1514
8 4 -1 2  - 458
8 4 -1 4  - 834
8 4 -1 5  - 452
8 4 -1 5 2  - 409
8 4 -1 5 6  - 440
8 4 -1 6  - 445
8 4 -1 10  - 456
8 5  - 1110
8 5 2  - 1010
8 5 2 -1 4  - 539
8 5 2 -1 6  - 941
8 5 2 -1 6 -1 4  - 479
8 5 3  - 485
8 5 -1 4  - 431
8 5 4  - 665
8 5 6  - 1093
8 5 6 -1 4  - 553
8 6  - 1099
8 6 -1 4  - 733
8 7  - 613
8 8  - 520
8 9  - 722
8 9 4  - 463
8 10  - 949
8 14  - 599
9 2  - 930
9 2 -1 4  - 574
9 2 -1 6  - 465
9 3  - 493
9 4  - 1209
9 4 -1 4  - 583
9 4 -1 10  - 605
9 5  - 545
9 5 2  - 484
9 5 2 -1 6  - 460
9 5 6  - 521
9 6  - 538
9 7  - 662
9 7 2  - 498
9 8  - 538
9 9  - 603
9 9 4  - 455
9 10  - 1003
9 10 -1 4  - 413
F1 - 15 24
F2 - 52 225
F3 - 178 1068
F4 - 281 2474
F5 - 246 2766
F6 - 103 1544
F7 - 27 476
F8 - 3 82
F9 - 0 6
[ 1 24 15 0.00496793 0 ] [ 2 225 52 0.00853348 0 ] [ 3 1068 178 0.0249488 0 ] [ 4 2474 281 0.0701361 0 ] [ 5 2766 246 0.0912664 0 ] [ 6 1544 103 0.0606427 0 ] [ 7 476 27 0.0221481 0 ] [ 8 82 3 0.00369692 0 ] [ 9 6 0 0.000121117 0 ] [ SUM 8665 905 0.286462 ] 0.298731
TIME = 0.298731
BrachIt = 115
