0101000010001110010100000001110000
-9.147883759810888
1100001001100100010100110001110000
1304.0000463191689
1001010011110101101011011101101000
1599.7470981146166
0010001100000110100010111111100000
1187.4749261410054
1010000100101010111011011110100000
1278.862769677249
1100101010000111100100011011010000
1903.7454149573693
1001011110110101000001110101111000
1812.85301468891
1111100001010101111001110101001000
1511.0147500403616
0110011011000010000100011101010000
1234.9466175148293
1000101000000110111011001001001000
1689.9931010838225
1100100000101110100011101100101000
1515.1357010164736
0010001110100110011001101101101000
1091.5320263844328
0100010111100110100001000010111000
1366.7224239028976
1000011001110001101101111101011000
1918.8188799647298
1000001001100101001100011101011000
1472.2162296508027
1000011000100100101100111001111000
1440.4324222747762
1010111010110001101000011001110000
1600.3368920218632
1001011100010010011011011101100000
1087.105943970382
1011110001011100010001110111001000
1423.340319863324
0110111101011011110001000111010000
394.64220134643097
0011100101101011011111110111001000
1757.650555794118
1010110101010010111001011001011000
788.1821464188259
1110011000100010101110011011111000
1505.686279048048
0010010110000110001100110101110000
812.8219415266852
1010101110001111111000111111010000
1488.4150707228305
0101001101001010000100011100110000
581.5766155144306
0010010000111010100000011101111000
1798.7743228707375
1100100100101001100100010001111000
1591.511128289579
1011100100100011110011010111000000
1793.7707732240103
1101110001111101011001110101001000
1776.7194811843713
1111001110100100000100010101011000
696.381385434915
1101110011101010110101110100100000
1239.0257093936425
1001010100011001011101011001101000
1392.8571076286519
1010100100100011001001011001100000
1289.54177106539
0010011100110111010111100111110000
1801.0562752914218
0101000101000110000011000110000000
1691.8216412224153
0010111100011010000010101111000000
791.4825444483042
1011001010101001101110011101101000
1895.8868040395316
1010010101010100001110110001111000
1589.709478284747
0100010010011100110000001100110000
110.44142914282554
1101000011111101001011000101111000
1201.861322108473
1000010100001111000101101100010000
1693.8693588639703
0001001101001010110000110111100000
1257.2612178196293
0110011010100110001100000100010000
188.67236249149315
1100100000101110101011001000101000
1358.5527831205984
1011011100010100011010010001000000
1089.7722429263154
1111111011001100101100111011011000
1450.349391403286
0010101010000111111101100011010000
1690.6414594927867
0101110010000111100101010010010000
1864.5725489334307
0010000100100100011011001101100000
1389.391448916904
0100000000100100010100100011110000
1077.4530239728263
-----------------------------------------------------------0010011111100110000100010001010000
491.5611210789239
1100011000100110101111001001101000
793.7804873738357
1011110111010101111000111111010000
1042.1714061382936
0110011110100111001001001010110000
984.3212745252185
1011001111101100000111011101100000
698.4577293791261
1011100101100101101001010111001000
922.2133905487357
0010011101011100001001000011010000
566.1708495561434
0011011110101110100100010101100000
497.9366684987298
1010000110001000001001011111100000
691.2192401398825
1100000100110011110011000101101000
1294.5246764614767
1011111111010110100100111011111000
1087.577969909944
1011010000111010100100010101011000
1266.7763276410196
0110001011100010000100011111110000
1116.3496185348358
1000011100100110101111111001100000
892.3163004967076
1100101000100110011010001001100000
692.648816392621
0110111001010100111001100101000000
988.5160142299496
1110100110001110001001110110000000
890.2941916989815
1010101110000110111001101011010000
985.8201035940738
1111000111111101001011100101110000
1098.2195287024267
0100111100111001000000101001100000
1051.944914645509
0010001010101010011101011111110000
1189.3563891456422
1000010100111000011100010001111000
895.2053412964889
1111111101010100010101011101100000
580.5582346366293
1001110110111010010101110100000000
718.2440344578615
1100001001111110001000001001010000
177.89334883612335
1011011100010100010111011001011000
1291.2712788315464
0101000010001110010100000001110000
-9.147883759810888
1100001001100100010100110001110000
1304.0000463191689
0010001100000110100010111111100000
1187.4749261410054
1010000100101010111011011110100000
1278.862769677249
0110011011000010000100011101010000
1234.9466175148293
0010001110100110011001101101101000
1091.5320263844328
0100010111100110100001000010111000
1366.7224239028976
1001011100010010011011011101100000
1087.105943970382
0110111101011011110001000111010000
394.64220134643097
1010110101010010111001011001011000
788.1821464188259
0010010110000110001100110101110000
812.8219415266852
0101001101001010000100011100110000
581.5766155144306
1111001110100100000100010101011000
696.381385434915
1101110011101010110101110100100000
1239.0257093936425
1001010100011001011101011001101000
1392.8571076286519
1010100100100011001001011001100000
1289.54177106539
0010111100011010000010101111000000
791.4825444483042
0100010010011100110000001100110000
110.44142914282554
1101000011111101001011000101111000
1201.861322108473
0001001101001010110000110111100000
1257.2612178196293
0110011010100110001100000100010000
188.67236249149315
1100100000101110101011001000101000
1358.5527831205984
1011011100010100011010010001000000
1089.7722429263154
0010000100100100011011001101100000
1389.391448916904
0100000000100100010100100011110000
1077.4530239728263
-----------------------------------------------------------1010011110101000011100110111101000
990.9227642753175
0110111101011010100011010111000000
884.6393429624853
0100001000100110011000001101100000
177.60798777830925
1011101110100110001010001101001000
597.7644202969383
0100010001001000000001001100110000
500.6965614711015
1000000010001001011101000001101000
887.9486032780443
1000010100101010011001011101100000
591.0247368804971
1100111100101010111111011100100000
691.7986733521064
1011101100000010100100010100110000
487.59416891202136
1000011000111100011000000001101000
286.7715211568341
0010011110100110110011010011110000
699.2267425717049
0010011110100110000000001011000000
225.37831422786888
1111010110001110100001000001010000
104.67807319406026
1011110100101010010001111100100000
797.7797459017482
1101011100100110111111101001001000
892.0198965519805
0010001110100100010000111101010000
696.3060428636646
0110011101011011000001000011010000
753.6083511192589
1100001100110010110011001101101000
493.6074723043676
1011111101010101111100011111000000
858.0964152211168
0001011110001110110000000100100000
14.540190393093612
1011000110100100000000010101011000
694.1792716020551
1110100100101010001001011101101000
683.3363965144258
0010011111100110000100010001010000
491.5611210789239
1100011000100110101111001001101000
793.7804873738357
1011110111010101111000111111010000
1042.1714061382936
0110011110100111001001001010110000
984.3212745252185
1011001111101100000111011101100000
698.4577293791261
1011100101100101101001010111001000
922.2133905487357
0010011101011100001001000011010000
566.1708495561434
0011011110101110100100010101100000
497.9366684987298
1010000110001000001001011111100000
691.2192401398825
1000011100100110101111111001100000
892.3163004967076
1100101000100110011010001001100000
692.648816392621
0110111001010100111001100101000000
988.5160142299496
1110100110001110001001110110000000
890.2941916989815
1010101110000110111001101011010000
985.8201035940738
0100111100111001000000101001100000
1051.944914645509
1000010100111000011100010001111000
895.2053412964889
1111111101010100010101011101100000
580.5582346366293
1001110110111010010101110100000000
718.2440344578615
1100001001111110001000001001010000
177.89334883612335
0101000010001110010100000001110000
-9.147883759810888
0110111101011011110001000111010000
394.64220134643097
1010110101010010111001011001011000
788.1821464188259
0010010110000110001100110101110000
812.8219415266852
0101001101001010000100011100110000
581.5766155144306
1111001110100100000100010101011000
696.381385434915
0010111100011010000010101111000000
791.4825444483042
0100010010011100110000001100110000
110.44142914282554
0110011010100110001100000100010000
188.67236249149315
0100000000100100010100100011110000
1077.4530239728263
-----------------------------------------------------------1100010111001000011001000101000000
286.29528845288763
1111111110100110011001011101001000
687.3534196793819
1100001111101100001011001001100000
495.530795019283
0100001001110110101000000101000000
178.13146193022564
0011011110101110100100010101100000
497.9366684987298
0100100110100100010000001101110000
88.11479939677973
1110010010001100011100000011010000
388.539526676495
0100010001001000000001001100110000
500.6965614711015
0110001100001000010000001100000000
83.03671563339704
0100101100100110011000001001100000
178.66110520229302
1111001110101110001000010101101000
690.3524924845913
1011000110101100000000010101011000
694.3189341675093
1001011110101100100111000101100000
324.0706783752972
0100011101001010000101001100110000
649.5127792477814
1110001010100100001100000101000000
186.06682207481805
0100101000111101011000001001100000
680.720859056904
0100111100101110111000001100100000
182.39796900903127
1010101011100110001000001100000000
180.5457778672008
0100011110001100100001000100110000
296.2301303602068
1111011110101100010000010111011000
698.8640372434487
1011101100000010110100010101110000
483.60391503133536
0001111101001010110001000001111000
524.1540870116229
0100001000100110011000001101100000
177.60798777830925
1011101110100110001010001101001000
597.7644202969383
0100010001001000000001001100110000
500.6965614711015
1000010100101010011001011101100000
591.0247368804971
1100111100101010111111011100100000
691.7986733521064
1011101100000010100100010100110000
487.59416891202136
1000011000111100011000000001101000
286.7715211568341
0010011110100110110011010011110000
699.2267425717049
0010011110100110000000001011000000
225.37831422786888
1111010110001110100001000001010000
104.67807319406026
0010001110100100010000111101010000
696.3060428636646
1100001100110010110011001101101000
493.6074723043676
0001011110001110110000000100100000
14.540190393093612
1011000110100100000000010101011000
694.1792716020551
1110100100101010001001011101101000
683.3363965144258
0010011111100110000100010001010000
491.5611210789239
1011001111101100000111011101100000
698.4577293791261
0010011101011100001001000011010000
566.1708495561434
0011011110101110100100010101100000
497.9366684987298
1010000110001000001001011111100000
691.2192401398825
1100101000100110011010001001100000
692.648816392621
1111111101010100010101011101100000
580.5582346366293
1100001001111110001000001001010000
177.89334883612335
0101000010001110010100000001110000
-9.147883759810888
0110111101011011110001000111010000
394.64220134643097
0101001101001010000100011100110000
581.5766155144306
1111001110100100000100010101011000
696.381385434915
0100010010011100110000001100110000
110.44142914282554
0110011010100110001100000100010000
188.67236249149315
-----------------------------------------------------------1111101110101110011000001101011000
384.4201061297892
1100101110100000111100001101001000
281.6659017917552
1000010100111000011000000001101000
296.11741055180585
1010001110111000001000001101101000
286.6494606352261
1110001010011110001000001001010000
187.3474210603764
0111011111100100000100010001010000
481.14078784811767
1011000000101110011000000101000000
180.41004685326715
1010101100011100001001001011000000
295.4723138896673
1001011110001110100001000001110000
134.20440533404135
1011001110000100010000000101000000
-11.548079353143452
0001111110100100010011000101100000
306.6800707792158
1011101100000010100100010001110000
486.81912142924193
0110011010100110001100000100010000
188.67236249149315
0100001000001010010101001100000000
299.16209020715115
1111001100101110100111000101101000
409.7888098245206
0010111101011011111001000011010000
434.71596473383875
1101001110101000101111001101100000
496.6564988837534
0100110100011110011001001001100000
399.6166691466251
1100001111110110001001001001100000
278.68887147110644
0100100110100100010000001101100000
88.82944319003194
0011011110000010100100010101010000
495.4692528688327
0110011100110110111011000001100000
393.7035140806003
0110010100110100111000001100000000
183.56652256280208
1100010111001000011001000101000000
286.29528845288763
1100001111101100001011001001100000
495.530795019283
0100001001110110101000000101000000
178.13146193022564
0011011110101110100100010101100000
497.9366684987298
0100100110100100010000001101110000
88.11479939677973
1110010010001100011100000011010000
388.539526676495
0110001100001000010000001100000000
83.03671563339704
0100101100100110011000001001100000
178.66110520229302
1001011110101100100111000101100000
324.0706783752972
1110001010100100001100000101000000
186.06682207481805
0100111100101110111000001100100000
182.39796900903127
1010101011100110001000001100000000
180.5457778672008
0100011110001100100001000100110000
296.2301303602068
1011101100000010110100010101110000
483.60391503133536
0100001000100110011000001101100000
177.60798777830925
1011101100000010100100010100110000
487.59416891202136
1000011000111100011000000001101000
286.7715211568341
0010011110100110000000001011000000
225.37831422786888
1111010110001110100001000001010000
104.67807319406026
1100001100110010110011001101101000
493.6074723043676
0001011110001110110000000100100000
14.540190393093612
0010011111100110000100010001010000
491.5611210789239
0011011110101110100100010101100000
497.9366684987298
1100001001111110001000001001010000
177.89334883612335
0101000010001110010100000001110000
-9.147883759810888
0110111101011011110001000111010000
394.64220134643097
0100010010011100110000001100110000
110.44142914282554
0110011010100110001100000100010000
188.67236249149315
-----------------------------------------------------------0100001110101110110001001001010000
183.46429483279096
1100001101010110101000000001010000
179.06626971128438
1011010000101110011001000101100000
289.1190025546307
1010001110001000001000000101001000
287.0253879520857
0100011110110000101100001100100000
188.12371047825778
1100001000001010010000001000010000
85.12007285747192
1100111000111010001000001001001000
288.77127287855046
1100001011101110011100001001000000
177.9041409694283
1101010100001110111101000001110000
287.9017766312873
1011101110111100101000001101000000
187.46842046107946
0110011100100110101000000101100000
184.44300772073856
1001101100010110110100000101110000
-13.402776780680837
1000001100111100001001001001100000
295.5579206790672
1000000100010010110000001101001000
188.24700709630423
1010001110111000001000001101101000
286.6494606352261
1111101000001100011000001111000000
281.0185042373597
1011111100110010011000000001000000
186.54551328462006
1110000100011110001000001101010000
185.85318155048355
0100000000101110010100001100000000
84.35897378797839
1010100110100100001000000011000000
289.1356402438219
0110010000000110011100001101010000
179.0252882882207
1100101110100000111100001101001000
281.6659017917552
1000010100111000011000000001101000
296.11741055180585
1010001110111000001000001101101000
286.6494606352261
1110001010011110001000001001010000
187.3474210603764
1011000000101110011000000101000000
180.41004685326715
1010101100011100001001001011000000
295.4723138896673
1001011110001110100001000001110000
134.20440533404135
1011001110000100010000000101000000
-11.548079353143452
0110011010100110001100000100010000
188.67236249149315
1100001111110110001001001001100000
278.68887147110644
0100100110100100010000001101100000
88.82944319003194
0110010100110100111000001100000000
183.56652256280208
1100010111001000011001000101000000
286.29528845288763
0100001001110110101000000101000000
178.13146193022564
0100100110100100010000001101110000
88.11479939677973
0110001100001000010000001100000000
83.03671563339704
0100101100100110011000001001100000
178.66110520229302
1110001010100100001100000101000000
186.06682207481805
0100111100101110111000001100100000
182.39796900903127
1010101011100110001000001100000000
180.5457778672008
0100011110001100100001000100110000
296.2301303602068
0100001000100110011000001101100000
177.60798777830925
1000011000111100011000000001101000
286.7715211568341
0010011110100110000000001011000000
225.37831422786888
1111010110001110100001000001010000
104.67807319406026
0001011110001110110000000100100000
14.540190393093612
1100001001111110001000001001010000
177.89334883612335
0101000010001110010100000001110000
-9.147883759810888
0100010010011100110000001100110000
110.44142914282554
0110011010100110001100000100010000
188.67236249149315
-----------------------------------------------------------1010101010110100101100001101000000
184.79459142444924
0100011100101110011100001100110000
182.60374487020513
0110001100011110001000001101010000
183.1351264742935
0110001101111110001000000101000000
177.01347023454196
1101110110001110110101000000010000
112.47527865351822
1100101100001100011000001101000000
181.99994112395095
0110011000101110011000001001010000
180.76804423093583
0101011000100110111000001001100000
179.07854496910107
1101000010000010010000000101110000
2.0090223481658374
1010101001000110011100001101110000
175.93058231563978
0110011110100110011100001101000000
184.4228548586004
0001000101011110101100000001000000
183.63936212871943
0110001000001110011000001001010000
178.8659342251724
1110101000100000110101001101000000
180.53716942843192
0000101100110100001000001001100000
182.30537334328972
0101111000001110010000001100110000
86.63841351711105
1100111000100100111000000101000000
182.05277395226247
0100001110101110110001001001010000
183.46429483279096
1100001101010110101000000001010000
179.06626971128438
0100011110110000101100001100100000
188.12371047825778
1100001000001010010000001000010000
85.12007285747192
1100001011101110011100001001000000
177.9041409694283
1011101110111100101000001101000000
187.46842046107946
0110011100100110101000000101100000
184.44300772073856
1001101100010110110100000101110000
-13.402776780680837
1000000100010010110000001101001000
188.24700709630423
1011111100110010011000000001000000
186.54551328462006
1110000100011110001000001101010000
185.85318155048355
0100000000101110010100001100000000
84.35897378797839
0110010000000110011100001101010000
179.0252882882207
1110001010011110001000001001010000
187.3474210603764
1011000000101110011000000101000000
180.41004685326715
1001011110001110100001000001110000
134.20440533404135
1011001110000100010000000101000000
-11.548079353143452
0110011010100110001100000100010000
188.67236249149315
0100100110100100010000001101100000
88.82944319003194
0110010100110100111000001100000000
183.56652256280208
0100001001110110101000000101000000
178.13146193022564
0100100110100100010000001101110000
88.11479939677973
0110001100001000010000001100000000
83.03671563339704
0100101100100110011000001001100000
178.66110520229302
1110001010100100001100000101000000
186.06682207481805
0100111100101110111000001100100000
182.39796900903127
1010101011100110001000001100000000
180.5457778672008
0100001000100110011000001101100000
177.60798777830925
1111010110001110100001000001010000
104.67807319406026
0001011110001110110000000100100000
14.540190393093612
1100001001111110001000001001010000
177.89334883612335
0101000010001110010100000001110000
-9.147883759810888
0100010010011100110000001100110000
110.44142914282554
0110011010100110001100000100010000
188.67236249149315
-----------------------------------------------------------0100001100011010010000000000000000
2.12150136308772
1110001011100100011000000101000000
177.5777343131568
0111000011011100110100001000110000
82.26213335704009
1110001010110110100000001000010000
93.16280164176115
0110011010100110011100001101010000
182.19533988664645
1101010100001110110100001001110000
96.87173314563745
1000101100001110110100000101110000
-15.101396858820916
0100011000001010010000001100010000
97.47572278906523
0111001000110010011000001101000000
178.71528827881625
1000100100110010100100000101001000
97.50790169572409
0100111100101110110100000000110000
-11.833371111466034
1100000001010110011000001101000000
181.70892104012094
0100100000100100001000001101100000
180.70900681932417
0100000000101110010100001100000000
84.35897378797839
0110001001100100111100001101000000
176.2198468674822
0100100110001110110001000000010000
93.9692895482764
0110111000100100111000001101000000
179.46823260398347
0111000010101110011000000001000000
181.75988996971938
0100101000100110010000000101010000
-19.154466486546045
0110001101111110001000000101000000
177.01347023454196
1101110110001110110101000000010000
112.47527865351822
1100101100001100011000001101000000
181.99994112395095
0110011000101110011000001001010000
180.76804423093583
0101011000100110111000001001100000
179.07854496910107
1101000010000010010000000101110000
2.0090223481658374
1010101001000110011100001101110000
175.93058231563978
0110001000001110011000001001010000
178.8659342251724
1110101000100000110101001101000000
180.53716942843192
0101111000001110010000001100110000
86.63841351711105
1100111000100100111000000101000000
182.05277395226247
1100001101010110101000000001010000
179.06626971128438
1100001000001010010000001000010000
85.12007285747192
1100001011101110011100001001000000
177.9041409694283
1001101100010110110100000101110000
-13.402776780680837
0100000000101110010100001100000000
84.35897378797839
0110010000000110011100001101010000
179.0252882882207
1011000000101110011000000101000000
180.41004685326715
1001011110001110100001000001110000
134.20440533404135
1011001110000100010000000101000000
-11.548079353143452
0100100110100100010000001101100000
88.82944319003194
0100001001110110101000000101000000
178.13146193022564
0100100110100100010000001101110000
88.11479939677973
0110001100001000010000001100000000
83.03671563339704
0100101100100110011000001001100000
178.66110520229302
1010101011100110001000001100000000
180.5457778672008
0100001000100110011000001101100000
177.60798777830925
1111010110001110100001000001010000
104.67807319406026
0001011110001110110000000100100000
14.540190393093612
1100001001111110001000001001010000
177.89334883612335
0101000010001110010100000001110000
-9.147883759810888
0100010010011100110000001100110000
110.44142914282554
-----------------------------------------------------------0100011000011010010000000100100000
28.602276447769068
0110000000101110000100000101000000
-14.311296734631952
0000001100001010110000000101110000
-10.135161268975764
1000000010101110010100001000100000
92.92646952933295
0100101001100110011000000100110000
176.64143660276557
0100001100101010000000001001000000
84.6398342900723
0100001000000100100000001101000000
91.55587732783452
0100111000011110110000001100110000
93.62762627421289
1100001110011110000100000001010000
8.88024248209007
0110011010101110110100000100010000
-9.699620476492738
1100011011101110010000001001000000
80.79820992837793
1100001100000110010100001101000000
85.79195105957426
0100101000100110010100001100000000
81.68352354324155
0100111000101110010100000000100000
-12.001857336294622
0100000001101110110100001100000000
80.17595452563307
1101101100001100110000001001000000
87.67268561398781
0100011000111010010001000000010000
89.54354873105012
0110001101111110001000001101010000
176.17365940783142
0100001000001110010100001101000000
89.70909608715702
0100011100001010010000000000100000
9.416633488413002
0101101100001100110100000000110000
-14.929089096305038
0101111000100100010000001001110000
82.76438450420069
0100001100011010010000000000000000
2.12150136308772
0111000011011100110100001000110000
82.26213335704009
1110001010110110100000001000010000
93.16280164176115
1101010100001110110100001001110000
96.87173314563745
1000101100001110110100000101110000
-15.101396858820916
0100011000001010010000001100010000
97.47572278906523
1000100100110010100100000101001000
97.50790169572409
0100111100101110110100000000110000
-11.833371111466034
0100000000101110010100001100000000
84.35897378797839
0110001001100100111100001101000000
176.2198468674822
0100100110001110110001000000010000
93.9692895482764
0100101000100110010000000101010000
-19.154466486546045
0110001101111110001000000101000000
177.01347023454196
1101110110001110110101000000010000
112.47527865351822
1101000010000010010000000101110000
2.0090223481658374
1010101001000110011100001101110000
175.93058231563978
0101111000001110010000001100110000
86.63841351711105
1100001000001010010000001000010000
85.12007285747192
1001101100010110110100000101110000
-13.402776780680837
0100000000101110010100001100000000
84.35897378797839
1001011110001110100001000001110000
134.20440533404135
1011001110000100010000000101000000
-11.548079353143452
0100100110100100010000001101100000
88.82944319003194
0100100110100100010000001101110000
88.11479939677973
0110001100001000010000001100000000
83.03671563339704
1111010110001110100001000001010000
104.67807319406026
0001011110001110110000000100100000
14.540190393093612
0101000010001110010100000001110000
-9.147883759810888
0100010010011100110000001100110000
110.44142914282554
-----------------------------------------------------------0100111110001110000000000001110000
17.824006455997516
1101101100010110110000000101110000
-8.448461614336683
0111001101111110110000001100100000
76.50050134987285
1100111001001110010000000000110000
-12.90284389883235
0100111010101110110100001101110000
85.79320823222858
0111100000111100010100000000100000
-14.175067526901442
1100101000100110010000001101010000
82.68951126605147
0110001000101110010100001101000000
81.30061222070778
1010111100000010110000000100010000
-12.827875711283856
0100111100101110010100000000110000
-9.799735289006902
0100011000111110010000000100000000
-9.044013127496584
1010001100001000010100001100100000
83.38768349738864
0110000011110110100100001000010000
83.39495535161711
0101101110001110110100000000100000
-8.801061590980257
0101101110111110000100000101010000
-4.892713859285257
1000001110000100010000001101000000
87.54623185802481
0000000000110110100100000101000000
0.5845075004351471
0100101110111010010000001001000000
86.6977596726366
0100011000100100100100000101110000
-13.480002048773295
0100011000011010010000000100100000
28.602276447769068
0110000000101110000100000101000000
-14.311296734631952
0000001100001010110000000101110000
-10.135161268975764
0100001100101010000000001001000000
84.6398342900723
1100001110011110000100000001010000
8.88024248209007
0110011010101110110100000100010000
-9.699620476492738
1100011011101110010000001001000000
80.79820992837793
1100001100000110010100001101000000
85.79195105957426
0100101000100110010100001100000000
81.68352354324155
0100111000101110010100000000100000
-12.001857336294622
0100000001101110110100001100000000
80.17595452563307
1101101100001100110000001001000000
87.67268561398781
0100011100001010010000000000100000
9.416633488413002
0101101100001100110100000000110000
-14.929089096305038
0101111000100100010000001001110000
82.76438450420069
0100001100011010010000000000000000
2.12150136308772
0111000011011100110100001000110000
82.26213335704009
1000101100001110110100000101110000
-15.101396858820916
0100111100101110110100000000110000
-11.833371111466034
0100000000101110010100001100000000
84.35897378797839
0100101000100110010000000101010000
-19.154466486546045
1101000010000010010000000101110000
2.0090223481658374
0101111000001110010000001100110000
86.63841351711105
1100001000001010010000001000010000
85.12007285747192
1001101100010110110100000101110000
-13.402776780680837
0100000000101110010100001100000000
84.35897378797839
1011001110000100010000000101000000
-11.548079353143452
0100100110100100010000001101100000
88.82944319003194
0100100110100100010000001101110000
88.11479939677973
0110001100001000010000001100000000
83.03671563339704
0001011110001110110000000100100000
14.540190393093612
0101000010001110010100000001110000
-9.147883759810888
-----------------------------------------------------------0101111100001100110100000000110000
-10.415450206180498
0101101010101100010000000001110000
-15.05830495699203
1111101100101110010100000000100000
-10.99227691796795
0001101100001100110100000100110000
-12.447339424075205
0100001100000110010100000100100000
-6.042503965940282
0100011011101110110000000100000000
-19.460866111288457
0100001000101010010000000101010000
-19.461185744760986
0100000001111110010100000101000000
-18.241528440818474
1100001110001100000000000101100000
1.5619104942437045
1000111001101100010000000000100000
-18.391449807895302
1100001100100100010100000100000000
-12.00543680570043
0100000011101110010000000001000000
-17.206339077197267
1100101010011110010100000001110000
0.9011133192320478
0100001110011110110100000000000000
15.98810268729684
1100101110011110000000000101010000
8.30215169194162
0100111100101100010000000000110000
-10.10756749474562
1010011110111100000100000001100000
10.378827342013135
0010110010100010000100000000010000
15.18254927301703
0001001100001100110000000101110000
-14.890050080137453
0111000001111110010100001000000000
80.60568643512663
0100111110001110000000000001110000
17.824006455997516
1101101100010110110000000101110000
-8.448461614336683
0111001101111110110000001100100000
76.50050134987285
1100111001001110010000000000110000
-12.90284389883235
0111100000111100010100000000100000
-14.175067526901442
1010111100000010110000000100010000
-12.827875711283856
0100111100101110010100000000110000
-9.799735289006902
0100011000111110010000000100000000
-9.044013127496584
0101101110001110110100000000100000
-8.801061590980257
0101101110111110000100000101010000
-4.892713859285257
0000000000110110100100000101000000
0.5845075004351471
0100011000100100100100000101110000
-13.480002048773295
0100011000011010010000000100100000
28.602276447769068
0110000000101110000100000101000000
-14.311296734631952
0000001100001010110000000101110000
-10.135161268975764
1100001110011110000100000001010000
8.88024248209007
0110011010101110110100000100010000
-9.699620476492738
1100011011101110010000001001000000
80.79820992837793
0100111000101110010100000000100000
-12.001857336294622
0100000001101110110100001100000000
80.17595452563307
0100011100001010010000000000100000
9.416633488413002
0101101100001100110100000000110000
-14.929089096305038
0100001100011010010000000000000000
2.12150136308772
1000101100001110110100000101110000
-15.101396858820916
0100111100101110110100000000110000
-11.833371111466034
0100101000100110010000000101010000
-19.154466486546045
1101000010000010010000000101110000
2.0090223481658374
1001101100010110110100000101110000
-13.402776780680837
1011001110000100010000000101000000
-11.548079353143452
0001011110001110110000000100100000
14.540190393093612
0101000010001110010100000001110000
-9.147883759810888
-----------------------------------------------------------1100001000001010010000000100100000
-12.745084172241087
1101001011000110010000000101000000
-15.011179811456747
0110001001101110110000000101000000
-23.903070047694094
0101011010101110010000000100000000
-6.589232665447168
0100101100010100010000000000110000
-8.266587442792193
0101101001101010010000000101010000
-24.210181882342113
1010111100001010110000000101110000
-12.760076848095501
0100011101100000100000000000110000
-21.501686388991274
0101000000101110110100000101000000
-15.925624247550754
1101001000100000010000000100100000
-16.0306710641971
0111111100010010110000000100010000
-11.303999001263298
1101101100011110110100000101110000
-5.161032599718622
0100111000101110010000000000110000
-12.681210242265507
0101101010001100010100000000110000
-10.756571451829194
1010101100000010110000000100010000
-17.342819440125748
1100101110001110010100000101010000
-4.9973511247624325
0101100111101110010000000001000000
-15.564895336459056
1100001100101110010100000100100000
-11.38661027918947
0101111100001100110100000000110000
-10.415450206180498
0101101010101100010000000001110000
-15.05830495699203
1111101100101110010100000000100000
-10.99227691796795
0001101100001100110100000100110000
-12.447339424075205
0100001100000110010100000100100000
-6.042503965940282
0100011011101110110000000100000000
-19.460866111288457
0100001000101010010000000101010000
-19.461185744760986
0100000001111110010100000101000000
-18.241528440818474
1000111001101100010000000000100000
-18.391449807895302
1100001100100100010100000100000000
-12.00543680570043
0100000011101110010000000001000000
-17.206339077197267
0100111100101100010000000000110000
-10.10756749474562
0001001100001100110000000101110000
-14.890050080137453
1101101100010110110000000101110000
-8.448461614336683
1100111001001110010000000000110000
-12.90284389883235
0111100000111100010100000000100000
-14.175067526901442
1010111100000010110000000100010000
-12.827875711283856
0100111100101110010100000000110000
-9.799735289006902
0100011000111110010000000100000000
-9.044013127496584
0101101110001110110100000000100000
-8.801061590980257
0101101110111110000100000101010000
-4.892713859285257
0100011000100100100100000101110000
-13.480002048773295
0110000000101110000100000101000000
-14.311296734631952
0000001100001010110000000101110000
-10.135161268975764
0110011010101110110100000100010000
-9.699620476492738
0100111000101110010100000000100000
-12.001857336294622
0101101100001100110100000000110000
-14.929089096305038
1000101100001110110100000101110000
-15.101396858820916
0100111100101110110100000000110000
-11.833371111466034
0100101000100110010000000101010000
-19.154466486546045
1001101100010110110100000101110000
-13.402776780680837
1011001110000100010000000101000000
-11.548079353143452
0101000010001110010100000001110000
-9.147883759810888
-----------------------------------------------------------1001101110100010110000000100000000
-12.441428566810307
0100011000111110110100000100010000
-11.577979864916266
0111001000110100000000000001110000
-13.387200815246345
0101001001111110010000000100000000
-21.65460659999691
0000000000101010110100000101110000
-18.649466598974698
0101101000101110010000000101000000
-17.538679013450228
0101101100001100110100000100110000
-15.643439063376265
1011101000101010110000000000110000
-17.31958021677693
1000001000101110010000000100100000
-15.13502277213887
1101001100101010110000000101100000
-14.670692885365623
1101101100000110110100000101000000
-11.976949167975238
0100101000101110010000000100110000
-17.82663348344977
0111001000101110110000000100000000
-17.340807748953708
1110000000001010000000000101100000
-11.648621936751262
0100111000100010100000000101110000
-14.684397992776931
0101101000011100110100000001110000
-14.194603718493674
0101101000101110110100000101110000
-19.67638709091005
1000001101001110110100000101100000
-21.00478101319085
0100001000100100010000000100110000
-18.427636702154793
1100001000001010010000000100100000
-12.745084172241087
1101001011000110010000000101000000
-15.011179811456747
0110001001101110110000000101000000
-23.903070047694094
0101101001101010010000000101010000
-24.210181882342113
1010111100001010110000000101110000
-12.760076848095501
0100011101100000100000000000110000
-21.501686388991274
0101000000101110110100000101000000
-15.925624247550754
1101001000100000010000000100100000
-16.0306710641971
0100111000101110010000000000110000
-12.681210242265507
1010101100000010110000000100010000
-17.342819440125748
0101100111101110010000000001000000
-15.564895336459056
0101101010101100010000000001110000
-15.05830495699203
0001101100001100110100000100110000
-12.447339424075205
0100011011101110110000000100000000
-19.460866111288457
0100001000101010010000000101010000
-19.461185744760986
0100000001111110010100000101000000
-18.241528440818474
1000111001101100010000000000100000
-18.391449807895302
1100001100100100010100000100000000
-12.00543680570043
0100000011101110010000000001000000
-17.206339077197267
0001001100001100110000000101110000
-14.890050080137453
1100111001001110010000000000110000
-12.90284389883235
0111100000111100010100000000100000
-14.175067526901442
1010111100000010110000000100010000
-12.827875711283856
0100011000100100100100000101110000
-13.480002048773295
0110000000101110000100000101000000
-14.311296734631952
0100111000101110010100000000100000
-12.001857336294622
0101101100001100110100000000110000
-14.929089096305038
1000101100001110110100000101110000
-15.101396858820916
0100111100101110110100000000110000
-11.833371111466034
0100101000100110010000000101010000
-19.154466486546045
1001101100010110110100000101110000
-13.402776780680837
1011001110000100010000000101000000
-11.548079353143452
-----------------------------------------------------------0101001000101110110000000101110000
-19.839879530775157
0110001100101100010100000100100000
-15.864313101586623
0101111001001100110100000100000000
-17.388671154151318
0100001001101110010000000101000000
-23.358980703093124
0001000000001110110000000101100000
-17.830264525971494
0101101000101100010000000101110000
-18.93827335692826
0101101100001100110100000000110000
-14.929089096305038
1100011001101110110100000101000000
-21.254589193177537
0100100000101100110100000101110000
-17.484502601370586
0100111101001100010000000001110000
-14.42986308884872
1111011001100010110000000000110000
-22.568711706239586
0101001100001000010000000100110000
-16.825322139822475
1000000000100110110100000101010000
-14.733598347007222
1011101100001010110000000101110000
-17.399486375669632
0111100001101100010100000001100000
-22.313847083324077
0111001000100100010000000100100000
-18.369728588884072
0100011001101000110000000100110000
-22.757312026460777
0101101100001100110100000101110000
-16.835850672493354
0101101111101110000100000001010000
-22.095901598188316
0101101000111010010000000001110000
-17.266468782044544
0101001001111110010000000100000000
-21.65460659999691
0000000000101010110100000101110000
-18.649466598974698
0101101000101110010000000101000000
-17.538679013450228
0101101100001100110100000100110000
-15.643439063376265
1011101000101010110000000000110000
-17.31958021677693
1000001000101110010000000100100000
-15.13502277213887
1101001100101010110000000101100000
-14.670692885365623
0100101000101110010000000100110000
-17.82663348344977
0111001000101110110000000100000000
-17.340807748953708
0100111000100010100000000101110000
-14.684397992776931
0101101000101110110100000101110000
-19.67638709091005
1000001101001110110100000101100000
-21.00478101319085
0100001000100100010000000100110000
-18.427636702154793
1101001011000110010000000101000000
-15.011179811456747
0110001001101110110000000101000000
-23.903070047694094
0101101001101010010000000101010000
-24.210181882342113
0100011101100000100000000000110000
-21.501686388991274
0101000000101110110100000101000000
-15.925624247550754
1101001000100000010000000100100000
-16.0306710641971
1010101100000010110000000100010000
-17.342819440125748
0101100111101110010000000001000000
-15.564895336459056
0101101010101100010000000001110000
-15.05830495699203
0100011011101110110000000100000000
-19.460866111288457
0100001000101010010000000101010000
-19.461185744760986
0100000001111110010100000101000000
-18.241528440818474
1000111001101100010000000000100000
-18.391449807895302
0100000011101110010000000001000000
-17.206339077197267
0001001100001100110000000101110000
-14.890050080137453
0101101100001100110100000000110000
-14.929089096305038
1000101100001110110100000101110000
-15.101396858820916
0100101000100110010000000101010000
-19.154466486546045
-----------------------------------------------------------0111001100101110110000000100100000
-16.402264042869017
0111001101101000110000000100110000
-24.91543022357944
0101111001000000110000000100010000
-20.27285252341478
1000001000101110110100000100110000
-16.878174671526114
0101001001101110110100000100010000
-23.170833274954273
0100000001101110110000000101100000
-21.392028373482514
0100101000101110110000000101110000
-19.844832618345208
0100001000101010100100000101000000
-16.687738636832684
1111101111101010000100000001110000
-23.741588880532124
0010001001101110110000000100110000
-17.97967478946726
0000001000101010110100000101010000
-18.073096546465955
1000001000101100110100000100110000
-17.045380767282573
0100011001111010110000000100110000
-21.94359860230622
0110000001100110010100000001010000
-21.66391259683999
1101101000000010110000000101010000
-16.239181008482504
1100101000101000010100000101100000
-16.110137433599547
0101001000101110110000000101110000
-19.839879530775157
0101111001001100110100000100000000
-17.388671154151318
0100001001101110010000000101000000
-23.358980703093124
0001000000001110110000000101100000
-17.830264525971494
0101101000101100010000000101110000
-18.93827335692826
1100011001101110110100000101000000
-21.254589193177537
0100100000101100110100000101110000
-17.484502601370586
1111011001100010110000000000110000
-22.568711706239586
0101001100001000010000000100110000
-16.825322139822475
1011101100001010110000000101110000
-17.399486375669632
0111100001101100010100000001100000
-22.313847083324077
0111001000100100010000000100100000
-18.369728588884072
0100011001101000110000000100110000
-22.757312026460777
0101101100001100110100000101110000
-16.835850672493354
0101101111101110000100000001010000
-22.095901598188316
0101101000111010010000000001110000
-17.266468782044544
0101001001111110010000000100000000
-21.65460659999691
0000000000101010110100000101110000
-18.649466598974698
0101101000101110010000000101000000
-17.538679013450228
1011101000101010110000000000110000
-17.31958021677693
0100101000101110010000000100110000
-17.82663348344977
0111001000101110110000000100000000
-17.340807748953708
0101101000101110110100000101110000
-19.67638709091005
1000001101001110110100000101100000
-21.00478101319085
0100001000100100010000000100110000
-18.427636702154793
0110001001101110110000000101000000
-23.903070047694094
0101101001101010010000000101010000
-24.210181882342113
0100011101100000100000000000110000
-21.501686388991274
1010101100000010110000000100010000
-17.342819440125748
0100011011101110110000000100000000
-19.460866111288457
0100001000101010010000000101010000
-19.461185744760986
0100000001111110010100000101000000
-18.241528440818474
1000111001101100010000000000100000
-18.391449807895302
0100000011101110010000000001000000
-17.206339077197267
0100101000100110010000000101010000
-19.154466486546045
-----------------------------------------------------------0111000001101100010000000001100000
-22.361415211620777
0101001101101000110000000100100000
-23.97727483984144
0111001000001010110000000100010000
-17.917628091433315
0101101001101010000100000101000000
-22.417617943712735
1000011101001010110000000101010000
-18.562787482207
1101001000100010110100000101110000
-18.817039930357314
0101001100101000110100000100110000
-18.270459492320253
0100100001101110010000000101010000
-20.58248741294309
0100001000100110010000000100110000
-18.17024636045546
0101001011101110110000000101010000
-23.10528777108192
1100001001101110000000000001010000
-21.54334639746551
0101101001101010110100000100110000
-24.039144626850188
0111001101101000110000000100110000
-24.91543022357944
0101111001000000110000000100010000
-20.27285252341478
0101001001101110110100000100010000
-23.170833274954273
0100000001101110110000000101100000
-21.392028373482514
0100101000101110110000000101110000
-19.844832618345208
1111101111101010000100000001110000
-23.741588880532124
0010001001101110110000000100110000
-17.97967478946726
0000001000101010110100000101010000
-18.073096546465955
0100011001111010110000000100110000
-21.94359860230622
0110000001100110010100000001010000
-21.66391259683999
0101001000101110110000000101110000
-19.839879530775157
0101111001001100110100000100000000
-17.388671154151318
0100001001101110010000000101000000
-23.358980703093124
0001000000001110110000000101100000
-17.830264525971494
0101101000101100010000000101110000
-18.93827335692826
1100011001101110110100000101000000
-21.254589193177537
0100100000101100110100000101110000
-17.484502601370586
1111011001100010110000000000110000
-22.568711706239586
1011101100001010110000000101110000
-17.399486375669632
0111100001101100010100000001100000
-22.313847083324077
0111001000100100010000000100100000
-18.369728588884072
0100011001101000110000000100110000
-22.757312026460777
0101101111101110000100000001010000
-22.095901598188316
0101001001111110010000000100000000
-21.65460659999691
0000000000101010110100000101110000
-18.649466598974698
0101101000101110010000000101000000
-17.538679013450228
0100101000101110010000000100110000
-17.82663348344977
0101101000101110110100000101110000
-19.67638709091005
1000001101001110110100000101100000
-21.00478101319085
0100001000100100010000000100110000
-18.427636702154793
0110001001101110110000000101000000
-23.903070047694094
0101101001101010010000000101010000
-24.210181882342113
0100011101100000100000000000110000
-21.501686388991274
1010101100000010110000000100010000
-17.342819440125748
0100011011101110110000000100000000
-19.460866111288457
0100001000101010010000000101010000
-19.461185744760986
0100000001111110010100000101000000
-18.241528440818474
1000111001101100010000000000100000
-18.391449807895302
0100101000100110010000000101010000
-19.154466486546045
-----------------------------------------------------------0100101000100100010000000100110000
-18.809467674947143
0100100001101010110100000101110000
-22.597491903548285
0101001001101110110100000100010000
-23.170833274954273
0100001001100100010000000100010000
-21.778784704549075
0101101001101100010100000100000000
-22.2608189793046
0101001001101110000000000101010000
-22.710208924587427
0100000001101110110000000101100000
-21.392028373482514
0111100001111000010100000100100000
-20.575903910383815
0100100001101100110000000000110000
-20.66586310306805
0100000001101110110000000001000000
-20.53881905769968
1000101101001110110100000100110000
-21.095775900840916
1110111101000000000000000000110000
-22.269104574533223
0110001001101110010000000001110000
-24.781779788570784
0111001001101100010000000100100000
-23.16435896065351
0101001000101000110000000100110000
-19.775744633684955
1110011001100010110000000000110000
-22.602904115591304
0100011001101110010100000101000000
-21.628221068391237
0111000001101100010000000001100000
-22.361415211620777
0101001101101000110000000100100000
-23.97727483984144
0101101001101010000100000101000000
-22.417617943712735
1101001000100010110100000101110000
-18.817039930357314
0100100001101110010000000101010000
-20.58248741294309
0101001011101110110000000101010000
-23.10528777108192
1100001001101110000000000001010000
-21.54334639746551
0101101001101010110100000100110000
-24.039144626850188
0111001101101000110000000100110000
-24.91543022357944
0101111001000000110000000100010000
-20.27285252341478
0101001001101110110100000100010000
-23.170833274954273
0100000001101110110000000101100000
-21.392028373482514
0100101000101110110000000101110000
-19.844832618345208
1111101111101010000100000001110000
-23.741588880532124
0100011001111010110000000100110000
-21.94359860230622
0110000001100110010100000001010000
-21.66391259683999
0101001000101110110000000101110000
-19.839879530775157
0100001001101110010000000101000000
-23.358980703093124
0101101000101100010000000101110000
-18.93827335692826
1100011001101110110100000101000000
-21.254589193177537
1111011001100010110000000000110000
-22.568711706239586
0111100001101100010100000001100000
-22.313847083324077
0100011001101000110000000100110000
-22.757312026460777
0101101111101110000100000001010000
-22.095901598188316
0101001001111110010000000100000000
-21.65460659999691
0000000000101010110100000101110000
-18.649466598974698
0101101000101110110100000101110000
-19.67638709091005
1000001101001110110100000101100000
-21.00478101319085
0110001001101110110000000101000000
-23.903070047694094
0101101001101010010000000101010000
-24.210181882342113
0100011101100000100000000000110000
-21.501686388991274
0100011011101110110000000100000000
-19.460866111288457
0100001000101010010000000101010000
-19.461185744760986
0100101000100110010000000101010000
-19.154466486546045
-----------------------------------------------------------0101001001101110010000000101010000
-23.936734114361727
0100001001101000110000000100100000
-23.51313368845084
0100001001111110010000000100000000
-21.6754441196969
0100001001101010100000000101110000
-24.071279168601706
1100011001100000110000000000110000
-22.045353617528136
0100001011101110010000000101100000
-22.750002894685867
1101001101101110000000000101110000
-23.31897237376686
0110001101101110110000000101000000
-24.638332463261904
0100100001101110110000000101110000
-21.927888194884797
0101011101101000110000000100100000
-22.7476749876427
0100001001100110110100000100010000
-22.40913056892701
0111101001101000010100000100100000
-23.386532468627408
0101001011100110010100000101010000
-22.03434057696361
0111001011101110110000000001110000
-23.9285160952486
0110001011101000010000000001110000
-23.978369757694747
1110101001101100000000000000110000
-21.75959803247773
0110000001101100110000000101000000
-22.387820958383475
0100100001101010110100000101110000
-22.597491903548285
0101001001101110110100000100010000
-23.170833274954273
0100001001100100010000000100010000
-21.778784704549075
0101101001101100010100000100000000
-22.2608189793046
0101001001101110000000000101010000
-22.710208924587427
0100000001101110110000000101100000
-21.392028373482514
1000101101001110110100000100110000
-21.095775900840916
1110111101000000000000000000110000
-22.269104574533223
0110001001101110010000000001110000
-24.781779788570784
0111001001101100010000000100100000
-23.16435896065351
1110011001100010110000000000110000
-22.602904115591304
0100011001101110010100000101000000
-21.628221068391237
0111000001101100010000000001100000
-22.361415211620777
0101001101101000110000000100100000
-23.97727483984144
0101101001101010000100000101000000
-22.417617943712735
0101001011101110110000000101010000
-23.10528777108192
1100001001101110000000000001010000
-21.54334639746551
0101101001101010110100000100110000
-24.039144626850188
0111001101101000110000000100110000
-24.91543022357944
0101001001101110110100000100010000
-23.170833274954273
0100000001101110110000000101100000
-21.392028373482514
1111101111101010000100000001110000
-23.741588880532124
0100011001111010110000000100110000
-21.94359860230622
0110000001100110010100000001010000
-21.66391259683999
0100001001101110010000000101000000
-23.358980703093124
1100011001101110110100000101000000
-21.254589193177537
1111011001100010110000000000110000
-22.568711706239586
0111100001101100010100000001100000
-22.313847083324077
0100011001101000110000000100110000
-22.757312026460777
0101101111101110000100000001010000
-22.095901598188316
0101001001111110010000000100000000
-21.65460659999691
0110001001101110110000000101000000
-23.903070047694094
0101101001101010010000000101010000
-24.210181882342113
0100011101100000100000000000110000
-21.501686388991274
-----------------------------------------------------------0110011001100100110000000100100000
-22.473187000344673
1111011101101000110000000100110000
-23.757985709632443
0101001001111110010000000100100000
-22.26301499530705
0101001001100010010100000101000000
-22.67182589016664
0110001101101110110000000101010000
-25.245873977036677
0100001101101000110000000100110000
-24.627700265262913
0101001011101110110000000101010000
-23.10528777108192
0111101001101100010100000100100000
-23.13271521698344
0100001001100110010000000101110000
-23.362353369450915
1110001001100010010000000001010000
-23.987443874514923
1101011001101010110100000001010000
-22.11636353740346
0101001001100100110000000100010000
-22.30934897421217
1101001001100110010100000101010000
-22.25593167738997
0101001001101010010100000100010000
-23.145994961257912
0110001101101000110000000101100000
-25.427977248709688
0100001001101000110000000100110000
-24.12117554981022
0101101111101100100100000101110000
-23.446374083136515
0101001001101110010000000101010000
-23.936734114361727
0100001001101000110000000100100000
-23.51313368845084
0100001001101010100000000101110000
-24.071279168601706
0100001011101110010000000101100000
-22.750002894685867
1101001101101110000000000101110000
-23.31897237376686
0110001101101110110000000101000000
-24.638332463261904
0101011101101000110000000100100000
-22.7476749876427
0100001001100110110100000100010000
-22.40913056892701
0111101001101000010100000100100000
-23.386532468627408
0111001011101110110000000001110000
-23.9285160952486
0110001011101000010000000001110000
-23.978369757694747
0110000001101100110000000101000000
-22.387820958383475
0100100001101010110100000101110000
-22.597491903548285
0101001001101110110100000100010000
-23.170833274954273
0101101001101100010100000100000000
-22.2608189793046
0101001001101110000000000101010000
-22.710208924587427
1110111101000000000000000000110000
-22.269104574533223
0110001001101110010000000001110000
-24.781779788570784
0111001001101100010000000100100000
-23.16435896065351
1110011001100010110000000000110000
-22.602904115591304
0111000001101100010000000001100000
-22.361415211620777
0101001101101000110000000100100000
-23.97727483984144
0101101001101010000100000101000000
-22.417617943712735
0101001011101110110000000101010000
-23.10528777108192
0101101001101010110100000100110000
-24.039144626850188
0111001101101000110000000100110000
-24.91543022357944
0101001001101110110100000100010000
-23.170833274954273
1111101111101010000100000001110000
-23.741588880532124
0100001001101110010000000101000000
-23.358980703093124
1111011001100010110000000000110000
-22.568711706239586
0111100001101100010100000001100000
-22.313847083324077
0100011001101000110000000100110000
-22.757312026460777
0110001001101110110000000101000000
-23.903070047694094
0101101001101010010000000101010000
-24.210181882342113
-----------------------------------------------------------0111001001101110110100000100100000
-23.400116435506355
0111001001101110010000000100010000
-23.14088321479066
1110011101100010110000000001010000
-24.42607200400342
1111001101101100010000000101110000
-25.448589401498182
0100101001101010110000000101110000
-25.14876927500479
0100001001101010110100000100100000
-23.483346788880187
0111001101101010000000000001100000
-24.245592676265247
0100001011101010110000000101110000
-24.071279168601706
0111101001101000110000000100110000
-24.24524634157333
0101001001111010010100000101110000
-24.235168613374267
0110001101101000110000000101110000
-26.035094364640386
0100101101101110110000000100010000
-23.756219837742577
0110000001101110110000000101100000
-22.95056952208979
0110011101101100100000000101100000
-23.02995253030985
0100001001100000110000000101010000
-24.31791625980109
1111011101101000110000000100110000
-23.757985709632443
0101001001100010010100000101000000
-22.67182589016664
0110001101101110110000000101010000
-25.245873977036677
0100001101101000110000000100110000
-24.627700265262913
0101001011101110110000000101010000
-23.10528777108192
0111101001101100010100000100100000
-23.13271521698344
0100001001100110010000000101110000
-23.362353369450915
1110001001100010010000000001010000
-23.987443874514923
0101001001101010010100000100010000
-23.145994961257912
0110001101101000110000000101100000
-25.427977248709688
0100001001101000110000000100110000
-24.12117554981022
0101101111101100100100000101110000
-23.446374083136515
0101001001101110010000000101010000
-23.936734114361727
0100001001101000110000000100100000
-23.51313368845084
0100001001101010100000000101110000
-24.071279168601706
0100001011101110010000000101100000
-22.750002894685867
1101001101101110000000000101110000
-23.31897237376686
0110001101101110110000000101000000
-24.638332463261904
0101011101101000110000000100100000
-22.7476749876427
0111101001101000010100000100100000
-23.386532468627408
0111001011101110110000000001110000
-23.9285160952486
0110001011101000010000000001110000
-23.978369757694747
0101001001101110110100000100010000
-23.170833274954273
0101001001101110000000000101010000
-22.710208924587427
0110001001101110010000000001110000
-24.781779788570784
0111001001101100010000000100100000
-23.16435896065351
0101001101101000110000000100100000
-23.97727483984144
0101001011101110110000000101010000
-23.10528777108192
0101101001101010110100000100110000
-24.039144626850188
0111001101101000110000000100110000
-24.91543022357944
0101001001101110110100000100010000
-23.170833274954273
1111101111101010000100000001110000
-23.741588880532124
0100001001101110010000000101000000
-23.358980703093124
0100011001101000110000000100110000
-22.757312026460777
0110001001101110110000000101000000
-23.903070047694094
0101101001101010010000000101010000
-24.210181882342113
-----------------------------------------------------------