DBASE_NUM_TRANS : 3000
DBASE_MAXITEM : 19
MINSUPPORT : 400 (0)
0 - 1524
1 - 2955
2 - 3000
3 - 1485
4 - 1419
5 - 2141
6 - 644
7 - 1154
8 - 2340
9 - 1588
10 - 1629
11 - 847
12 - 410
13 - 485
14 - 435
15 - 858
16 - 407
17 - 1000
18 - 403
0 0  - 1003
0 0 0  - 696
0 0 0 8  - 655
0 0 1  - 858
0 0 1 2  - 423
0 0 1 5  - 445
0 0 1 17  - 435
0 0 8  - 941
0 1  - 1470
0 1 -1 1  - 565
0 1 -1 1 2  - 522
0 1 2  - 1025
0 1 2 -1 -1 1  - 522
0 1 2 -1 -1 1 2  - 522
0 1 2 -1 3  - 506
0 1 2 -1 5  - 512
0 1 2 -1 10  - 440
0 1 3  - 700
0 1 4  - 483
0 1 5  - 784
0 1 10  - 574
0 1 15  - 476
0 1 17  - 445
0 2  - 483
0 8  - 963
0 17  - 597
1 2  - 2510
1 2 -1 3  - 770
1 2 -1 4  - 1048
1 2 -1 5  - 723
1 2 -1 9  - 946
1 2 -1 9 2  - 821
1 2 -1 10  - 1150
1 2 -1 10 5  - 500
1 2 -1 10 7  - 452
1 2 -1 10 7 2  - 452
1 2 -1 10 7 2 -1 8  - 452
1 2 -1 10 7 8  - 452
1 3  - 964
1 4  - 1137
1 4 5  - 429
1 5  - 995
1 9  - 1027
1 9 2  - 821
1 10  - 1284
1 10 5  - 582
1 10 7  - 476
1 10 7 2  - 452
1 10 7 2 -1 8  - 452
1 10 7 8  - 476
1 15  - 479
1 17  - 445
4 5  - 597
4 6  - 412
7 2  - 1012
7 2 -1 8  - 997
7 8  - 1139
9 2  - 1292
10 5  - 816
10 7  - 596
10 7 2  - 572
10 7 2 -1 8  - 572
10 7 8  - 596
18 8  - 400
F1 - 19 19
F2 - 21 361
F3 - 23 416
F4 - 15 431
F5 - 4 139
F6 - 1 12
F7 - 0 2
[ 1 19 19 0.00950909 0 ] [ 2 361 21 0.00872397 0 ] [ 3 416 23 0.0104318 0 ] [ 4 431 15 0.0101514 0 ] [ 5 139 4 0.00266123 0 ] [ 6 12 1 0.000135422 0 ] [ 7 2 0 1.81198e-05 0 ] [ SUM 1380 83 0.041631 ] 0.0628009
TIME = 0.0628009
BrachIt = 119
