0 0 11 -1 0 -1 1 2 -1 3 -1 4 -1 -1
1 1 19 5 2 -1 4 -1 1 2 -1 6 -1 7 8 9 -1 9 -1 -1 -1 -1
2 2 25 5 2 -1 10 0 -1 1 2 -1 11 -1 12 -1 -1 -1 10 12 -1 10 12 -1 12 -1 -1 -1
3 3 33 13 5 2 -1 10 0 -1 10 0 -1 10 0 -1 10 0 -1 7 2 -1 -1 -1 -1 -1 -1 7 2 -1 -1 -1 14 -1 15 -1
4 4 27 5 2 -1 10 12 -1 1 2 -1 16 -1 17 18 -1 19 -1 -1 -1 -1 1 2 -1 16 -1 18 -1 -1
5 5 17 8 2 -1 8 20 -1 8 18 -1 8 20 -1 21 -1 -1 -1 -1
6 6 13 5 2 -1 4 -1 17 7 2 -1 -1 22 -1 -1
7 7 13 5 18 -1 4 -1 1 18 -1 23 -1 12 -1 -1
8 8 25 17 19 -1 1 24 10 0 -1 1 2 -1 18 -1 12 -1 -1 -1 -1 24 19 -1 -1 4 -1 -1
9 9 25 13 2 -1 5 2 -1 10 12 -1 12 -1 -1 10 12 -1 10 12 -1 12 -1 -1 -1 -1 15 -1
10 10 5 25 2 -1 26 -1
11 11 9 27 2 -1 10 18 -1 0 -1 -1
12 12 15 1 18 -1 27 2 -1 12 -1 -1 10 12 -1 12 -1 -1
13 13 19 13 13 13 2 -1 28 -1 29 -1 -1 30 -1 31 -1 -1 32 -1 33 -1
14 14 17 5 2 -1 4 -1 10 0 -1 1 2 -1 16 -1 12 -1 -1 -1
15 15 17 5 2 -1 4 -1 1 8 2 -1 34 -1 -1 34 -1 12 -1 -1
16 16 19 5 2 -1 10 12 -1 10 12 -1 7 35 -1 -1 -1 -1 7 2 -1 -1
17 17 11 36 37 38 -1 2 -1 -1 2 -1 18 -1
18 18 21 36 39 40 -1 2 -1 -1 41 -1 36 39 42 -1 2 -1 -1 42 -1 43 -1 -1
19 19 31 5 2 -1 10 12 -1 1 13 13 2 -1 40 -1 6 -1 -1 40 -1 6 -1 -1 40 -1 12 -1 -1 -1 7 2 -1 -1
20 20 5 39 18 -1 2 -1
21 21 11 36 25 2 -1 21 -1 -1 2 -1 18 -1
22 22 13 13 2 -1 13 44 -1 2 -1 15 -1 -1 15 -1
23 23 27 13 5 2 -1 4 -1 1 2 -1 45 -1 12 -1 -1 -1 8 45 -1 8 46 -1 14 -1 -1 -1 15 -1
24 24 5 37 2 -1 18 -1
25 25 21 8 47 -1 8 6 -1 5 2 -1 4 -1 1 2 -1 6 -1 4 -1 -1 -1 -1
26 26 19 5 18 -1 10 12 -1 1 18 -1 23 -1 12 -1 -1 -1 7 18 -1 -1
27 27 31 8 27 2 -1 4 -1 -1 8 11 -1 8 27 2 -1 10 12 -1 1 2 -1 6 -1 4 -1 -1 -1 -1 11 -1 -1 -1
28 28 19 5 2 -1 10 12 -1 1 2 -1 6 -1 4 -1 -1 -1 7 2 -1 -1
29 29 7 5 2 -1 4 -1 22 -1
30 30 17 5 2 -1 10 12 -1 1 2 -1 6 -1 4 -1 -1 -1 22 -1
31 31 9 5 2 -1 18 -1 7 2 -1 -1
32 32 9 8 18 -1 8 6 -1 2 -1 -1
33 33 17 5 2 -1 4 -1 10 0 -1 1 2 -1 48 -1 12 -1 -1 -1
34 34 13 8 2 -1 8 11 -1 8 6 -1 18 -1 -1 -1
35 35 13 13 13 2 -1 18 -1 15 -1 -1 18 -1 15 -1
