DBASE_NUM_TRANS : 36
DBASE_MAXITEM : 49
MINSUPPORT : 3 (0)
0 - 7
1 - 17
2 - 34
4 - 14
5 - 19
6 - 8
7 - 8
8 - 8
10 - 15
11 - 3
12 - 16
13 - 7
15 - 5
17 - 3
18 - 15
22 - 3
27 - 3
36 - 3
1 2  - 15
1 2 -1 4  - 6
1 2 -1 4 -1 6  - 4
1 2 -1 6  - 6
1 2 -1 12  - 8
1 2 -1 18  - 3
1 4  - 6
1 4 -1 6  - 4
1 6  - 6
1 12  - 10
1 12 -1 18  - 4
1 18  - 5
5 0  - 4
5 0 -1 1  - 3
5 0 -1 1 -1 2  - 3
5 0 -1 1 2  - 3
5 0 -1 1 2 -1 -1 2  - 3
5 0 -1 1 2 -1 12  - 3
5 0 -1 1 2 -1 12 -1 -1 2  - 3
5 0 -1 1 12  - 3
5 0 -1 1 12 -1 -1 2  - 3
5 0 -1 2  - 4
5 0 -1 2 -1 2  - 4
5 0 -1 2 -1 2 -1 12  - 3
5 0 -1 2 -1 12  - 3
5 0 -1 12  - 3
5 1  - 13
5 1 -1 2  - 11
5 1 -1 2 -1 2  - 3
5 1 -1 2 -1 2 -1 12  - 3
5 1 -1 2 -1 4  - 6
5 1 -1 2 -1 12  - 5
5 1 2  - 11
5 1 2 -1 -1 2  - 11
5 1 2 -1 -1 2 -1 2  - 3
5 1 2 -1 -1 2 -1 2 -1 12  - 3
5 1 2 -1 -1 2 -1 4  - 6
5 1 2 -1 -1 2 -1 12  - 5
5 1 2 -1 -1 4  - 6
5 1 2 -1 4  - 3
5 1 2 -1 4 -1 -1 2  - 3
5 1 2 -1 4 -1 6  - 3
5 1 2 -1 4 -1 6 -1 -1 2  - 3
5 1 2 -1 6  - 5
5 1 2 -1 6 -1 -1 2  - 5
5 1 2 -1 6 -1 -1 2 -1 12  - 3
5 1 2 -1 6 -1 -1 12  - 3
5 1 2 -1 -1 12  - 5
5 1 2 -1 12  - 6
5 1 2 -1 12 -1 -1 2  - 6
5 1 2 -1 12 -1 -1 2 -1 4  - 4
5 1 2 -1 12 -1 -1 4  - 4
5 1 -1 4  - 7
5 1 4  - 3
5 1 4 -1 -1 2  - 3
5 1 4 -1 6  - 3
5 1 4 -1 6 -1 -1 2  - 3
5 1 6  - 5
5 1 6 -1 -1 2  - 5
5 1 6 -1 -1 2 -1 12  - 3
5 1 6 -1 -1 12  - 3
5 1 -1 7  - 3
5 1 -1 7 -1 12  - 3
5 1 -1 12  - 6
5 1 12  - 8
5 1 12 -1 -1 2  - 6
5 1 12 -1 -1 2 -1 4  - 4
5 1 12 -1 -1 4  - 5
5 1 12 -1 -1 12  - 3
5 1 -1 18  - 3
5 1 18  - 3
5 1 18 -1 -1 18  - 3
5 2  - 17
5 2 -1 2  - 15
5 2 -1 2 -1 2  - 4
5 2 -1 2 -1 2 -1 12  - 3
5 2 -1 2 -1 4  - 9
5 2 -1 2 -1 4 -1 6  - 4
5 2 -1 2 -1 4 -1 12  - 6
5 2 -1 2 -1 6  - 5
5 2 -1 2 -1 6 -1 7  - 3
5 2 -1 2 -1 6 -1 12  - 3
5 2 -1 2 -1 7  - 5
5 2 -1 2 -1 7 2  - 3
5 2 -1 2 -1 7 -1 12  - 3
5 2 -1 2 -1 10  - 6
5 2 -1 2 -1 10 1  - 3
5 2 -1 2 -1 10 1 2  - 3
5 2 -1 2 -1 10 1 2 -1 -1 12  - 3
5 2 -1 2 -1 10 1 -1 12  - 3
5 2 -1 2 -1 10 2  - 4
5 2 -1 2 -1 10 2 -1 12  - 3
5 2 -1 2 -1 10 10  - 3
5 2 -1 2 -1 10 12  - 5
5 2 -1 2 -1 10 12 -1 12  - 3
5 2 -1 2 -1 12  - 10
5 2 -1 2 -1 12 -1 12  - 3
5 2 -1 4  - 10
5 2 -1 4 -1 6  - 4
5 2 -1 4 -1 7  - 3
5 2 -1 4 -1 12  - 6
5 2 -1 4 -1 22  - 3
5 2 -1 6  - 5
5 2 -1 6 -1 7  - 3
5 2 -1 6 -1 12  - 3
5 2 -1 7  - 7
5 2 -1 7 2  - 6
5 2 -1 7 2 -1 -1 10  - 4
5 2 -1 7 2 -1 -1 10 2  - 3
5 2 -1 7 2 -1 -1 10 12  - 3
5 2 -1 7 2 -1 -1 12  - 3
5 2 -1 7 -1 10  - 4
5 2 -1 7 -1 10 2  - 3
5 2 -1 7 -1 10 12  - 3
5 2 -1 7 -1 12  - 3
5 2 -1 10  - 10
5 2 -1 10 0  - 4
5 2 -1 10 0 -1 1  - 3
5 2 -1 10 0 -1 1 2  - 3
5 2 -1 10 0 -1 1 2 -1 12  - 3
5 2 -1 10 0 -1 1 12  - 3
5 2 -1 10 0 -1 2  - 4
5 2 -1 10 0 -1 2 -1 12  - 3
5 2 -1 10 0 -1 12  - 3
5 2 -1 10 1  - 7
5 2 -1 10 1 2  - 7
5 2 -1 10 1 2 -1 6  - 3
5 2 -1 10 1 2 -1 6 -1 -1 12  - 3
5 2 -1 10 1 2 -1 -1 12  - 4
5 2 -1 10 1 2 -1 12  - 4
5 2 -1 10 1 6  - 3
5 2 -1 10 1 6 -1 -1 12  - 3
5 2 -1 10 1 -1 12  - 4
5 2 -1 10 1 12  - 4
5 2 -1 10 2  - 8
5 2 -1 10 2 -1 6  - 3
5 2 -1 10 2 -1 6 -1 12  - 3
5 2 -1 10 2 -1 12  - 7
5 2 -1 10 6  - 3
5 2 -1 10 6 -1 12  - 3
5 2 -1 10 10  - 4
5 2 -1 10 10 -1 12  - 3
5 2 -1 10 10 12  - 3
5 2 -1 10 10 12 -1 -1 12  - 3
5 2 -1 10 -1 12  - 3
5 2 -1 10 12  - 9
5 2 -1 10 12 -1 -1 12  - 3
5 2 -1 10 12 -1 12  - 4
5 2 -1 12  - 11
5 2 -1 12 -1 12  - 4
5 2 -1 22  - 3
5 4  - 11
5 4 -1 6  - 4
5 4 -1 7  - 3
5 4 -1 12  - 7
5 4 -1 22  - 3
5 6  - 5
5 6 -1 7  - 3
5 6 -1 12  - 3
5 7  - 8
5 7 2  - 6
5 7 2 -1 -1 10  - 4
5 7 2 -1 -1 10 2  - 3
5 7 2 -1 -1 10 12  - 3
5 7 2 -1 -1 12  - 3
5 7 -1 10  - 5
5 7 -1 10 1  - 3
5 7 -1 10 1 -1 12  - 3
5 7 -1 10 2  - 3
5 7 -1 10 12  - 4
5 7 -1 10 12 -1 12  - 3
5 7 -1 12  - 4
5 7 -1 12 -1 12  - 3
5 10  - 11
5 10 0  - 4
5 10 0 -1 1  - 3
5 10 0 -1 1 2  - 3
5 10 0 -1 1 2 -1 12  - 3
5 10 0 -1 1 12  - 3
5 10 0 -1 2  - 4
5 10 0 -1 2 -1 12  - 3
5 10 0 -1 12  - 3
5 10 1  - 8
5 10 1 2  - 7
5 10 1 2 -1 6  - 3
5 10 1 2 -1 6 -1 -1 12  - 3
5 10 1 2 -1 -1 12  - 4
5 10 1 2 -1 12  - 4
5 10 1 6  - 3
5 10 1 6 -1 -1 12  - 3
5 10 1 -1 12  - 5
5 10 1 12  - 5
5 10 2  - 8
5 10 2 -1 6  - 3
5 10 2 -1 6 -1 12  - 3
5 10 2 -1 12  - 7
5 10 6  - 3
5 10 6 -1 12  - 3
5 10 10  - 4
5 10 10 -1 12  - 3
5 10 10 12  - 3
5 10 10 12 -1 -1 12  - 3
5 10 -1 12  - 3
5 10 12  - 10
5 10 12 -1 -1 12  - 3
5 10 12 -1 12  - 5
5 12  - 13
5 12 -1 12  - 5
5 12 -1 18  - 3
5 12 -1 18 -1 18  - 3
5 18  - 4
5 18 -1 18  - 3
5 22  - 3
7 2  - 6
8 2  - 6
8 2 -1 6  - 4
8 2 -1 8  - 3
8 2 -1 8 8  - 3
8 2 -1 18  - 3
8 6  - 4
8 8  - 6
8 8 2  - 3
8 8 2 -1 6  - 3
8 8 6  - 4
8 8 8  - 3
8 18  - 3
10 0  - 6
10 0 -1 1  - 4
10 0 -1 1 2  - 4
10 0 -1 1 2 -1 12  - 4
10 0 -1 1 12  - 4
10 0 -1 2  - 5
10 0 -1 2 -1 12  - 4
10 0 -1 12  - 4
10 1  - 10
10 1 2  - 9
10 1 2 -1 4  - 3
10 1 2 -1 4 -1 6  - 3
10 1 2 -1 4 -1 6 -1 -1 12  - 3
10 1 2 -1 4 -1 -1 12  - 3
10 1 2 -1 6  - 4
10 1 2 -1 6 -1 -1 12  - 4
10 1 2 -1 -1 12  - 5
10 1 2 -1 12  - 5
10 1 4  - 3
10 1 4 -1 6  - 3
10 1 4 -1 6 -1 -1 12  - 3
10 1 4 -1 -1 12  - 3
10 1 6  - 4
10 1 6 -1 -1 12  - 4
10 1 -1 12  - 6
10 1 12  - 6
10 1 18  - 3
10 2  - 10
10 2 -1 4  - 3
10 2 -1 4 -1 6  - 3
10 2 -1 4 -1 6 -1 12  - 3
10 2 -1 4 -1 12  - 3
10 2 -1 6  - 4
10 2 -1 6 -1 12  - 4
10 2 -1 12  - 9
10 4  - 3
10 4 -1 6  - 3
10 4 -1 6 -1 12  - 3
10 4 -1 12  - 3
10 6  - 4
10 6 -1 12  - 4
10 10  - 4
10 10 -1 12  - 3
10 10 12  - 3
10 10 12 -1 -1 12  - 3
10 12  - 13
10 12 -1 12  - 6
10 12 -1 18  - 3
10 18  - 4
13 2  - 7
13 2 -1 2  - 4
13 2 -1 2 -1 15  - 4
13 2 -1 15  - 5
13 5  - 3
13 5 2  - 3
13 5 2 -1 -1 15  - 3
13 5 -1 15  - 3
13 13  - 4
13 13 2  - 4
13 15  - 5
27 2  - 3
36 2  - 3
36 2 -1 2  - 3
F1 - 18 49
F2 - 34 324
F3 - 76 448
F4 - 87 775
F5 - 66 666
F6 - 23 333
F7 - 3 76
F8 - 0 6
[ 1 49 18 0.000300884 0 ] [ 2 324 34 0.000304937 0 ] [ 3 448 76 0.000357151 0 ] [ 4 775 87 0.000601053 0 ] [ 5 666 66 0.000728369 0 ] [ 6 333 23 0.00036478 0 ] [ 7 76 3 5.31673e-05 0 ] [ 8 6 0 3.8147e-06 0 ] [ SUM 2677 307 0.00271416 ] 0.00407314
TIME = 0.00407314
BrachIt = 118
