init 
[[0.11, 0.05, 0.15], [0.32], [0.83, 0.72, 0.09, 0.67, 0.68], [0.04, 0.03, 0.84], [0.65, 0.43, 0.09], [0.22, 0.83, 0.47], [0.18], [0.93, 0.04, 0.47, 0.54]]
42.53475935828877
run  0
[[0.36], [0.61, 0.95, 0.02, 0.08, 0.26], [0.34, 0.87, 0.42, 0.29], [0.46, 0.79, 0.95], [0.83, 0.72, 0.09, 0.67, 0.68], [0.04, 0.03, 0.84], [0.22, 0.83, 0.7], [0.93, 0.04, 0.47]]
38.476190476190474
[38.476190476190474, 19.4739336492891, 16.495049504950494, 18.625, 20.578034682080926, 32.53475935828877, 30.510204081632654, 10.520833333333334, 20.543478260869566, 19.483091787439612, 24.59880239520958, 9.552486187845304, 34.60606060606061, 18.571428571428573, 31.510204081632654, 19.510204081632654, 7.571428571428571, 29.546448087431695, 17.571428571428573, 19.632911392405063]
run  1
[[0.82, 0.42, 0.62, 0.51], [0.08, 0.01, 0.05, 0.54], [0.6, 0.99, 0.82, 0.71, 0.86], [0.3, 0.59, 0.05, 0.32, 0.57], [0.07, 0.9], [0.56, 0.26, 0.36, 0.32, 0.38]]
50.46948356807512
[36.55865921787709, 27.53191489361702, 38.495049504950494, 29.58139534883721, 8.609756097560975, 16.523560209424083, 34.51813471502591, 33.467289719626166, 20.56497175141243, 34.5, 46.48076923076923, 11.581395348837209, 48.51813471502591, 30.46082949308756, 22.505050505050505, 19.632911392405063, 50.46948356807512, 28.4739336492891, 30.617283950617285, 11.719424460431656]
run  2
[[0.54, 0.53, 0.49, 0.65, 0.0], [0.93, 0.04, 0.57, 0.01], [0.42, 0.67, 0.36, 1.0, 0.52], [0.22, 0.83], [0.42, 0.13, 0.61, 0.01, 0.38], [0.56, 0.26, 0.36, 0.32, 0.38]]
46.44642857142857
[30.502512562814072, 20.48780487804878, 45.588235294117645, 30.47846889952153, 40.53475935828877, 30.4739336492891, 33.5, 14.636942675159236, 26.510204081632654, 20.56497175141243, 30.476190476190474, 18.606060606060606, 42.51813471502591, 28.469483568075116, 14.568181818181818, 44.50761421319797, 41.505050505050505, 46.44642857142857, 28.507614213197968, 27.555555555555557]
run  3
[[0.56, 0.26, 0.36, 0.32], [0.56, 0.26, 0.36, 0.32], [0.22, 0.83, 0.0], [0.11, 0.05, 0.15], [0.57, 0.46, 0.15, 0.21, 0.39], [0.32, 0.77, 0.3, 0.13, 0.07], [0.26]]
46.54347826086956
[30.526315789473685, 16.48076923076923, 36.49261083743843, 39.49751243781095, 40.47846889952153, 19.510204081632654, 46.54347826086956, 15.543478260869565, 30.636942675159236, 42.53191489361702, 33.46511627906977, 41.51020408163265, 33.53475935828877, 28.505050505050505, 40.476190476190474, 43.471698113207545, 35.6578947368421, 19.5, 26.510204081632654, 31.434782608695652]
run  4
[[0.54, 0.53, 0.49], [0.73, 0.06], [0.04, 0.03, 0.84, 0.75, 0.34], [0.57, 0.46, 0.15, 0.21, 0.39], [0.22, 0.83, 0.0, 0.04, 0.33], [0.11, 0.05, 0.15], [0.26], [0.38, 0.53, 0.0, 0.42]]
49.46511627906977
[33.46511627906977, 8.53191489361702, 25.492610837438423, 29.520833333333332, 31.56179775280899, 44.471698113207545, 39.476190476190474, 28.537634408602152, 29.46082949308756, 25.515463917525775, 40.50761421319797, 46.588235294117645, 21.666666666666668, 44.5, 32.520833333333336, 37.54945054945055, 24.54945054945055, 22.444444444444443, 49.46511627906977, 23.471698113207548]
run  5
[[0.73, 0.06], [0.14, 0.11, 0.27], [0.93, 0.04, 0.57, 0.01], [0.45, 0.41], [0.08, 0.01, 0.05, 0.58], [0.07, 0.9, 0.5], [0.22, 0.83, 0.0, 0.04]]
48.60606060606061
[28.632911392405063, 31.52910052910053, 42.51813471502591, 48.53475935828877, 16.54945054945055, 18.471698113207548, 48.60606060606061, 18.53191489361702, 18.552486187845304, 23.57471264367816, 25.578034682080926, 33.51813471502591, 15.4739336492891, 26.497512437810947, 47.59880239520958, 26.53475935828877, 22.537634408602152, 29.54054054054054, 33.51282051282051, 28.641025641025642]
run  6
[[0.32, 0.77, 0.3, 0.13, 0.34], [0.45, 0.74, 0.54, 0.62], [0.08, 0.01, 0.05, 0.58], [0.82, 0.42, 0.62, 0.06], [0.04, 0.03, 0.84, 0.75, 0.34], [0.36, 0.52, 0.13]]
47.47846889952153
[32.52910052910053, 38.490196078431374, 37.54644808743169, 39.54945054945055, 43.561797752808985, 16.510204081632654, 28.502512562814072, 12.609756097560975, 43.53763440860215, 18.546448087431695, 24.53191489361702, 29.48780487804878, 28.56179775280899, 25.46511627906977, 39.49261083743843, 21.56497175141243, 25.53191489361702, 47.47846889952153, 25.54945054945055, 36.63291139240506]
